     38     63      
     36     38      
     70     38      
     38     46      
     46     38      
 #    38     36     
 #    36     38     
     57     38      
     37     38      
     63     38      
     63     37      
     37     63      
     63     57      
     57     63      
     70     37      
     46      8      
     36      8      
     36      5      
     37     57      
     57     45      
      9      8      
     12      8      
     56      8      
      8     56      
     47      8      
      8     47      
      8     55      
     55      8      
     33      9      
     33     11      
     16     33      
      9     11      
     11      9      
     12      9      
     72      9      
     35      9      
     32      9      
      9     32      
     12     11      
     47     11      
     11     47      
     32     11      
     11     32      
      2     64      
     64     39      
     55     64      
     64     55      
      1     72      
     72      1      
     71     72      
     72     71      
      1     71      
     71      1      
     54     71      
     71     54      
     56     71      
     54     56      
     55     56      
     56     55      
     54      1      
     47     32      
      1     75      
      2     27      
     32     20      
     20     32      
      3     32      
      3     20      
     20      3      
     21     20      
     24     20      
     20     24      
     21     22      
     22     21      
     23     22      
     22     23      
     61     22      
      3     24      
     14      3      
     26      3      
      6     34      
     24      6      
      6     24      
     23      6      
     61      6      
      6     61      
     24     61      
     61     24      
     27     26      
     26     27      
     23     21      
     21     23      
     29     28      
     28     29      
     28     73      
     28     74      
     73     75      
     75     73      
     75     74      
     59     75      
     19     75      
     75     31      
     59     41      
     59     74      
     73     74      
     74     73      
     10     74      
     74     10      
     73     10      
     65     73      
     68     19      
     62     68      
     68     62      
     67     68      
     68     67      
     65     62      
     62     65      
     67     62      
     67     66      
     62     66      
     66     62      
     15     66      
     30     66      
     66     45      
     43     66      
     30     15      
     39     30      
     30     39      
     45     15      
     15     45      
     39     15      
     65     69      
     44     45      
     43     45      
     45     43      
     42     45      
     45     42      
     53     45      
     42      9      
     10     51      
     51     10      
     60     51      
     51     60      
     49     51      
     51     52      
     60     52      
     52     60      
     53     52      
     49     10      
     53     60      
     16     60      
     22     10      
     13     10      
 #    10     13     
     16     17      
     69      7      
     14     69      
     69      4      
     25     69      
     69     25      
      5      4      
     58      5      
      5     58      
     58     25      
      4     25      
     25      4      
     17     39      
     17     14      
     41      4      
     40      4      
      4     40      
     18      4      
      4     34      
     13     39      
     18     39      
     39     34      
     13     34      
     41     34      
     35     34      
     40     34      
     50     34      
     48     34      
     34     48      
     31     34      
     34     31      
     19     34      
      7     34      
     34      7      
     18      7      
     48      7      
     31      7      
      7     31      
     19      7      
     66      7      
     35     31      
     31     40      
     48     31      
    # 41     40     
     40     41      