     1     1
     1     2
     1     3
     1     4
     1     5
     1     6
     1     7
     1     8
     1     9
     2     1
     2     2
     2     3
     2     5
     2     6
     2     7
     2     8
     3     1
     4     2
     4     3
     4     4
     4     5
     4     6
     4     7
     4     8
     4     9
     5     1
     5     8
     6     1
     7     1
     7     2
     7     3
     7     4
     7     5
     7     6
     7     8
     7     9
     8     1
     8     9
     9     1
     9     8
    10     1
    10     2
    10     3
    10     5
    10     6
    10     7
    10     8
    11     1
    11     9
    12     1
    12     2
    12     3
    12     4
    12     5
    12     6
    12     8
    12     9
    13     2
    13     3
    13     5
    13     6
    13     7
    14     1
    14     6
    14     7
    14     8
    15     1
    16     1
    16     2
    16     3
    16     5
    16     6
    16     7
    16     8
    17     1
    18     6
    18     9
    19     1
    19     2
    19     3
    19     4
    19     5
    19     7
    19     8
    20     2
    20     3
    20     6
    20     7
    20     8
    20     9
    21     1
    21     2
    21     3
    21     4
    21     5
    21     6
    21     7
    21     9
    22     1
    23     1
    24     1
    24     2
    24     3
    24     5
    24     6
    24     7
    24     8
    25     1
    26     1
    27     1
    28     1
    28     8
    28     9
    29     1
    29     2
    29     3
    29     4
    29     5
    29     6
    29     7
    30     2
    30     3
    30     5
    30     6
    30     8
    30     9
    31     1
    31     2
    31     3
    32     2
    32     3
    32     6
    32     9
    33     7
    33     8
    33     9
    34     1
    34     2
    34     3
    34     4
    34     5
    34     6
    34     7
    34     8
    35     1
    35     2
    35     3
    35     5
    35     6
    35     7
    35     9
    36     1
    36     2
    36     3
    36     4
    36     5
    36     6
    36     7
    36     8
    37     1
    38     2
    38     3
    38     6
    38     7
    38     8
    39     1
    39     2
    39     3
    39     4
    39     5
    39     6
    39     7
    39     9
    40     2
    40     3
    40     5
    40     9
    41     2
    41     3
    41     4
    41     5
    41     6
    42     1
    42     2
    42     3
    42     4
    42     5
    42     6
    42     7
    43     1
    43     2
    43     3
    43     6
    43     8
    43     9
    44     2
    44     3
    44     4
    44     5
    44     6
    44     7
    44     8
    45     2
    45     3
    45     4
    45     6
    45     8
    45     9
    46     2
    46     6
    46     9
    47     1
    47     9
    48     1
    48     2
    48     3
    48     5
    48     6
    48     8
    48     9
    49     1
    49     9
    50     1
    50     8
    50     9
