     1     1
     2   186
     2   187
     3     2
     3     3
     4     4
     5     5
     5   270
     6     6
     7     7
     7     8
     8     9
     8    10
     8    11
     9    12
     9    13
    10    14
    10    15
    10    16
    11    17
    12    18
    13    19
    14    20
    14    21
    14    22
    14    23
    14    24
    14    25
    14    26
    14    27
    14    28
    14    29
    14    30
    14    31
    15    32
    16    33
    17    34
    18    35
    19    36
    20    37
    21    38
    21    39
    22    40
    23     9
    23    41
    23    42
    24    43
    25    44
    26    45
    27    46
    27    47
    27    48
    28    49
    28    50
    29    51
    30    52
    31    53
    32    54
    33    55
    33    56
    34    57
    35    58
    36    59
    37    38
    38    60
    38    61
    39    62
    40    22
    40    63
    40    64
    40    65
    40    66
    41    67
    42    68
    42    69
    43    57
    44    70
    45     4
    46    71
    47    72
    48    73
    49   126
    50    23
    51    74
    52   340
    53    75
    54    76
    55   101
    56    77
    57    78
    57    79
    57    80
    57    81
    58    82
    59    83
    60    84
    61    85
    61    86
    62    53
    63    87
    64    24
    64    88
    65    89
    66    90
    67    91
    68    92
    68    93
    69    94
    69    95
    69    96
    69    97
    70    98
    71    99
    72   100
    72   101
    73   102
    74   103
    75    14
    76   104
    77   105
    78   106
    79   107
    80   108
    81   109
    81   110
    82    10
    83    42
    84    33
    85   111
    85   112
    86   113
    87    68
    87    69
    87   114
    87   115
    87   116
    87   117
    87   118
    87   119
    88   120
    88   121
    88   122
    89   123
    90   116
    91   124
    92   125
    93   126
    93   127
    93   128
    93   129
    93   197
    93   198
    94   130
    94   131
    95   132
    96    94
    97   133
    98    15
    98    16
    98   134
    98   135
    98   136
    99   137
   100   138
   100   139
   101   140
   102   141
   103   142
   104   143
   104   144
   105    70
   106   217
   107   145
   107   146
   107   147
   108   254
   109   148
   110    70
   110    77
   110   149
   111    24
   111   137
   111   138
   111   150
   111   151
   111   152
   111   153
   111   154
   112   155
   113    82
   114    95
   115   340
   116    42
   117   156
   117   157
   118   193
   119     2
   119     3
   120   158
   121    82
   122    14
   123    16
   123    80
   123    81
   123   130
   123   135
   123   159
   123   160
   123   161
   123   162
   123   163
   123   164
   123   165
   123   166
   123   167
   123   168
   123   169
   123   170
   123   171
   123   172
   123   173
   123   174
   123   175
   123   176
   123   177
   123   178
   123   179
   124   180
   125   169
   126    98
   126   181
   126   182
   127   183
   128   184
   129   185
   129   186
   129   187
   129   188
   129   189
   129   190
   129   191
   129   192
   130   193
   131   194
   132   121
   133    98
   133   181
   133   182
   134    66
   134   127
   134   128
   134   129
   134   135
   134   170
   134   171
   134   172
   134   173
   134   174
   134   175
   134   188
   134   195
   134   196
   134   197
   134   198
   134   199
   134   200
   134   201
   134   202
   134   203
   134   204
   135   205
   136   206
   136   207
   137   325
   138   208
   139   313
   140   209
   141   212
   141   213
   141   214
   142   211
   143   186
   143   187
   144   210
   145   215
   146   216
   147    77
   147   217
   148   216
   149    51
   150    72
   151   218
   152   219
   153   220
   154   221
   155    87
   156    53
   156   116
   156   123
   156   222
   156   223
   156   224
   156   225
   156   226
   156   227
   156   228
   157   229
   158    34
   159    39
   159   230
   160   101
   161   218
   161   231
   161   270
   161   271
   161   272
   162   132
   163   232
   164   233
   165    37
   165   234
   166   235
   167   236
   168   237
   169    99
   170   229
   171   238
   172   137
   172   239
   172   240
   172   241
   173   199
   174   183
   175   242
   176   128
   176   129
   176   198
   176   243
   176   244
   176   245
   176   246
   176   247
   176   248
   176   278
   177   122
   178   264
   179   236
   180    56
   181    82
   182    25
   182    26
   182    27
   182    28
   182   175
   182   200
   182   201
   182   249
   182   250
   182   251
   182   252
   183   253
   184   254
   185   255
   185   256
   186   227
   186   259
   186   260
   186   261
   186   262
   187   257
   188    74
   189   258
   190   137
   191   263
   192    67
   193   264
   194    52
   194   258
   194   265
   194   266
   194   267
   195   268
   195   269
   196     5
   196   270
   196   271
   196   272
   197    85
   198   273
   199   292
   200   290
   201    19
   201   274
   202   275
   203    29
   203   276
   204    62
   205    36
   205    74
   205   244
   205   245
   205   246
   205   247
   205   248
   205   277
   205   278
   206   131
   206   228
   207    61
   207   279
   207   280
   208   138
   208   281
   208   282
   208   283
   208   284
   209   117
   209   118
   210   183
   211    30
   212   176
   212   227
   212   260
   212   282
   212   284
   212   285
   212   286
   213   287
   213   288
   213   289
   214    84
   214   261
   214   262
   214   283
   214   284
   215   242
   216   156
   216   157
   217    52
   217   145
   217   146
   217   147
   217   266
   218   290
   219   291
   219   292
   220   309
   221   293
   222   151
   222   265
   222   267
   223    72
   224   152
   225    98
   226   294
   227    37
   227   234
   228   295
   229    11
   229   296
   230   297
   231    37
   231   234
   232   343
   233   101
   234   280
   234   298
   234   299
   234   300
   234   301
   234   302
   234   303
   234   304
   235    68
   235    69
   235   341
   236    83
   237   219
   238    86
   238   305
   239    14
   239    95
   239    96
   239    97
   240   307
   241    23
   242   306
   243    91
   244    12
   244    13
   245   308
   246    73
   247   156
   247   157
   248   202
   249   309
   250   294
   251   310
   252   246
   252   278
   253   311
   254    62
   254    91
   255   189
   255   190
   255   191
   255   192
   256   313
   257     9
   258    51
   258   233
   259   110
   259   193
   259   314
   260    37
   261   315
   262    32
   263    50
   263   215
   263   316
   264   247
   265   201
   265   203
   265   312
   266   139
   266   216
   266   317
   266   318
   267    37
   268   294
   269    48
   269   319
   270   320
   271   321
   272   184
   273   322
   273   323
   273   324
   273   325
   274   326
   275   327
   276   328
   277   306
   278     2
   278     3
   279    31
   280   220
   281   329
   282   330
   283   331
   284   332
   284   333
   285    14
   286   334
   287    90
   288   158
   288   335
   288   336
   288   337
   289   336
   289   337
   290   125
   291   177
   291   268
   291   269
   291   311
   292   338
   293   339
   294   341
   295   247
   295   248
   295   342
   296   343
   297   344
   298    28
   298   345
   298   346
   298   347
   299   221
   300    70
   301   119
   301   297
   301   348
   301   349
   301   350
   302    71
   303   316
   304    83
   305   275
   306   153
   307     8
   308   153
   308   154
   308   351
   308   352
   308   353
   309   354
   310   106
   310   154
   310   305
   310   353
   310   355
   310   356
   310   357
   310   358
   310   359
   310   360
   311   204
   312   264
   313     8
   314   136
   314   178
   314   179
