  1  18 
  1  26 
  2   5 
  2  24 
  3   4 
  4  24 
  4  59 
  5   6 
  6  22 
  6  59 
  7  24 
  7  26 
  7  58 
  7  59 
  8  37 
  8  40 
  9  17 
 11  26 
 11  32 
 12  14 
 12  54 
  4  13 
 13  20 
 13  27 
  4  14 
 15  54 
 16  24 
 16  26 
 16  36 
 16  59 
 17  60 
 18  44 
 19  33 
 19  37 
 20  59 
 21  23 
 21  59 
 21  60 
  5  22 
 22  26 
 22  59 
 23  60 
 24  26 
 15  25 
 18  25 
 25  26 
 25  58 
 18  27 
 27  44 
 27  60 
 28  44 
 28  49 
 24  29 
 26  29 
 29  60 
 30  45 
 26  31 
 31  33 
 31  38 
  5  32 
 26  32 
 32  59 
 24  33 
 33  59 
 20  34 
 34  59 
 28  35 
 35  49 
  5  36 
 22  36 
 24  36 
 26  36 
 36  59 
 37  40 
 37  49 
 38  59 
  5  40 
 35  40 
 40  49 
 41  59 
 10  42 
 42  49 
 22  43 
 44  57 
 20  45 
 45  59 
 24  46 
 24  47 
 26  47 
 20  48 
 48  59 
 49  58 
 24  50 
 26  51 
 51  54 
 51  59 
 26  52 
 51  52 
 52  58 
 22  53 
 53  60 
  5  55 
 22  55 
 33  55 
 22  56 
 57  60 
 17  58 
 18  58 
 26  58 
 26  59 
  5  24 
 15  17 
 34  45 
 39  59 