     1     1
     1    12
     1    25
     2     1
     2    18
     2    32
     2    33
     2    35
     3     1
     3    35
     3    36
     4     1
     4    17
     4    23
     5     1
     5     2
     5    29
     6     1
     6    33
     6    40
     7     1
     7    17
     8     1
     8    28
     8    29
     8    33
     9     1
     9    19
    10     1
    10    25
    11     1
    11     3
    11     5
    11     6
    11    20
    12     1
    12     2
    13     1
    13     2
    13     3
    14     1
    14     4
    15     1
    15     8
    16     2
    17     1
    18     5
    19     3
    19     4
    19     6
    19     7
    20     6
    20     7
    21     5
    21     6
    22     1
    22    18
    22    34
    22    35
    22    37
    23     2
    23    35
    24    14
    25    12
    25    13
    26    10
    26    11
    27    15
    28    28
    28    37
    29    10
    29    13
    30     1
    30    18
    30    20
    30    21
    30    25
    30    26
    30    28
    31    19
    31    30
    31    31
    31    39
    32    25
    32    30
    33    11
    33    19
    33    25
    33    30
    33    32
    33    33
    33    34
    33    35
    34    17
    35    25
    35    31
    35    32
    36     1
    36    17
    36    30
    36    31
    36    34
    36    36
    37    20
    37    21
    37    25
    38    17
    38    18
    38    30
    39    17
    39    25
    39    30
    39    31
    40     8
    40    11
    40    14
    40    25
    41    17
    41    31
    41    33
    42    15
    42    17
    42    19
    42    29
    42    31
    42    34
    42    38
    43     2
    43    17
    43    26
    44    13
    44    17
    44    19
    44    22
    44    23
    44    25
    44    31
    45    17
    46    17
    46    37
    47    23
    47    27
    47    29
    48    25
    49    27
    50     9
    50    19
    50    30
    50    38
    51    25
    51    35
    51    36
    51    37
    51    39
    52    17
    52    18
    52    19
    52    20
    52    21
    52    23
    52    37
    53    17
    53    19
    53    20
    53    24
    53    27
    53    28
    53    30
    53    33
    54    18
    54    22
    54    37
    55    20
    55    23
    55    31
    55    32
    56    12
    56    19
    57    18
    57    38
    58     9
    58    22
    58    28
    58    38
    59    22
    59    23
    59    29
    60     9
    60    40
    61    40
    62    21
    62    32
