      1      2       
      1      3       
      1      4       
      1      5       
      2      3       
      2      4       
      2      5       
      2     19       
      3      4       
      3      5       
      3      6       
      3     16       
      4      5       
      4     10       
      4     13       
      4     18       
      5     18       
      5     19       
      6      7       
      6      8       
      6      9       
      6     10       
      6     18       
      6     19       
      7      8       
      7     10       
      7     13       
      7     14       
      7     18       
      8     10       
      8     14       
      8     15       
      9     10       
      9     15       
      9     18       
      9     19       
     10     14       
     10     17       
     10     18       
     10     19       
     11     12       
     12     13       
     13     14       
     14     15       
     14     16       
     14     18       
     14     19       
     14     21       
     15     17       
     15     18       
     15     19       
     15     20       
     16     18       
     16     19       
     17     18       
     17     19       
     18     19       
     18     21       
     18     22       
     19     20       
     19     21       
     19     22       
     20     31       
     21     22       
     21     24       
     21     28       
     21     30       
     22     23       
     22     25       
     22     29       
     23     26       
     24     27       
     25     29       
     25     31       
     26     31       
     26     32       
     27     28       
     27     29       
     28     29       
     28     30       
     30     31       
     32     33       
     33     34       
     33     35       