     1     1
     1     2
     2     3
     2     4
     2     5
     2     6
     2     7
     3     8
     4     8
     4     9
     5     8
     5    10
     6     8
     6    11
     6    10
     7     8
     7    11
     7    12
     7    10
     8     8
     8    11
     8    12
     8    10
     9    13
     9    14
     9    15
     9    16
    10    17
    10    18
    10    19
    11    20
    12    21
    12    22
    12    23
    13    24
    13    25
    13    26
    14    27
    15    28
    15    29
    15    30
    16    31
    16    32
    16    33
    17    31
    17    34
    18    31
    18    35
    18    34
    19    36
    19    37
    19    38
    19    39
    19    40
    19    41
    20    42
    21    43
    21    44
    22    45
    22    46
    22    47
    23    48
    23    49
    23    50
    23    51
    24    52
    24    53
    24    54
    24    55
    24    34
    25    52
    25    56
    25    57
    26    52
    26    58
    26    59
    27    60
    27    61
    27    62
    28    63
    29    63
    29    64
    29    65
    29    66
    30    67
    30    68
    30    69
    31    70
    31    71
    31    72
    31    73
    32    74
    32    75
    32    76
    32    77
    33    78
    33    79
    33    80
    33    81
    34    82
    34    83
    34    84
    35    85
    35    86
    35    87
    36    88
    36    89
    37    90
    38    91
    38    56
    39    92
    39    93
    39    94
    40    95
    40    96
    40    97
    40    98
    40    99
    41    95
    41   100
    41    97
    41   101
    41    98
    42    95
    42    97
    42    98
    43   102
    44   103
    44   104
    44   105
    45   106
    45   107
    45   108
    46   109
    46   110
    47   111
    48   112
    48   113
    49   114
    49   115
    50   116
    51   117
    51   118
    52   119
    52   120
    53   121
    53   122
    54   123
    54   124
    54   125
    55   126
    56   127
    56   128
    56   129
    57   130
    57   131
    58    34
    59    34
    59    31
    60    34
    60    31
    60    35
    61    34
    61    31
    61    35
    61   132
    62    34
    62    35
    62   133
    62   134
    62   135
    62    54
    63    34
    63    35
    63   133
    63   134
    63    54
    63   135
    64    34
    64   133
    64    54
    65   136
    65   137
    66   138
    66   139
    67   140
    67   141
    67   142
    67   143
    67   144
    67   145
    67   146
    67   147
    67   148
    67   149
    68   150
    69   150
    69    72
    69   151
    69   152
    70   150
    70    72
    70   152
    71   150
    71   153
    72   154
    72   155
    73   154
    73   155
    73   156
    73   157
    74    72
    75    72
    75    70
    76    72
    76   150
    76   151
    76   152
    77    72
    77   158
    77   159
    78   160
    79   161
    79   162
    80   163
    80   164
    81   165
    82   165
    82   166
    83   167
    83   168
    84   169
    85   170
    85   171
    85   172
    86   173
    86   174
    86   175
    87   173
    87   175
    88   176
    88   177
    88   178
    89   179
    90   180
    91   180
    91   181
    91   182
    92   181
    92   180
    92   182
    93   183
    93   184
    94   185
    94   186
    94   187
    95   185
    95    56
    95    57
    96   188
    96   189
    97   188
    97   189
    97   190
    98   191
    99   192
    99   193
    99   194
    99    47
   100   192
   100    47
   100   195
   101   196
   101   197
   101   198
   101   199
   101   200
   102   201
   102   202
   102   203
   103   132
   104   132
   104    34
   105   132
   105   204
   106   205
   107   206
   107   207
   108   208
   108   209
   108   210
   109   211
   109   212
   109   213
   110   214
   110   215
   110   216
   111   217
   111   218
   111    49
   111   219
   112   217
   112   220
   112   221
   112   222
   112   223
   113   217
   113   137
   113   224
   114   217
   114   221
   115   217
   115   221
   115   220
   115   225
   115   219
   116   226
   116   151
   117   226
   117   151
   117    97
   117    95
   118   226
   118   151
   118   152
   119   227
   119   228
   120   229
   121   229
   121   230
   122   229
   122   230
   122   231
   122   232
   123   233
   124   233
   125   234
   125   235
   125   236
   126   237
   127   238
   127   239
   128   240
   129   240
   129   241
   130   240
   130   242
   131   243
   131   244
   132   245
   133   245
   133   246
   134   245
   134   247
   135   245
   135   248
   136   249
   136   250
   136   251
   137   218
   137   217
   137   219
   138   218
   138   217
   138   252
   138   253
   138   219
   139   254
   140   255
   140   256
   140   257
   141   258
   142   259
   142   260
   143   261
   143   262
   144   263
   144   264
   144   265
   144   266
   144   267
   144   268
   144   269
   144   270
   145   271
   145   272
   146   273
   147   274
   147   275
   147   276
   148   277
   148   278
   148   279
   149   280
   149   281
   149   282
   149   283
   149   284
   149   285
   149   286
   150   287
   150   288
   150   289
   151   287
   151   290
   151   289
   152   291
   152   292
   152   293
   153   294
   153   295
   154   296
   155   297
   155   298
   156   297
   156   299
   156   300
   156   301
   157   302
   157   204
   157   303
   157   304
   158   302
   158   305
   158   303
   159   302
   159   151
   159   152
   160   306
   160   307
   160   308
   160    79
   160   309
   161   306
   161    79
   161   309
   161   310
   162   311
   162    98
   162    70
   163   312
   163   313
   164   314
   164   315
   164   316
   165   204
   165   302
   165   303
   166   204
   166   317
   166   302
   166   318
   167   319
   167   320
   168   321
   168   322
   168   323
   168   324
   169   321
   169   324
   169   325
   169   326
   170   327
   170   328
   170   329
   170   330
   171   331
   171   332
   171   152
   172   333
   172   334
   172   335
   172   336
   173   337
   173   338
   174   339
   174   340
   174   341
   174   342
   175   343
   175   344
   175   345
   176   346
   176   347
   176   348
   176   253
   176   217
   177   349
   177   350
   177   351
   177   352
   177   353
   177   354
   178   355
   178   356
   178   357
   179   358
   180   358
   180   359
   180   360
   181   358
   181   361
   181   362
   181   359
   182   363
   182   364
   183   363
   183   365
   183   366
   184   367
   184   368
   184   369
   185    25
   185    26
   186    25
   186    26
   186   203
   186   202
   187    25
   187    26
   187   370
   188   371
   188    79
   188   372
   189   373
   189   374
   189   375
   190   376
   190   377
   190   378
   191   376
   191   379
   191   377
   191   378
   192   376
   192   378
   193   376
   193   378
   193   377
   194   380
   194   381
   194   382
   195   383
   195   384
   195   385
   196   386
   196   387
   196   388
   196   389
   196   390
   196   391
   196   392
   196   393
   197   394
   197   395
   197   396
   197   397
   198   398
   198   399
   198   400
   198   401
   199   402
   199   403
   199   278
   199   404
   199   279
   199   405
   199   406
   200   407
   200   167
   201   408
   202   409
   202   410
   202   411
   202   412
   202   413
   203   409
   203   414
   203   411
   203   413
   204   415
   204   416
   205   403
   205   328
   205   417
   206   403
   206   328
   206   417
   206   329
   207   403
   207   328
   207   418
   208   419
   208   420
   209   421
   210   422
   210   320
   211   423
   211   424
   211   425
   212   426
   212   427
   212   428
   213   429
   214   429
   214   430
   215   429
   215    47
   216   431
   216   432
   217   431
   217   433
   218   434
   218   435
   219   436
   219   246
   219   245
   220   436
   220   246
   220   245
   221   437
   221   438
   221   439
   222   440
   222   441
   223   440
   223   442
   223   119
   224   443
   224   444
   225   445
   225   446
   226   447
   226   448
   226   449
   226   450
   227   451
   227   283
   228   452
   229   453
   229   454
   229   455
   229   456
   229   457
   229   458
   229   459
   229   460
   230   461
   230   462
   230   463
   230   464
   231   465
   231   466
   231   467
   232   465
   232    34
   233   468
   233   469
   233   470
   233   471
   233   472
   234   473
   234   474
   234   475
   235   476
   236   476
   236   477
   237   476
   237   478
   237   479
   238   480
   238   481
   238   482
   238   483
   239   484
   239   485
   240   486
   240    34
   241   487
   241   488
   242   489
   242   490
   242    34
   242    55
   243   491
   243   492
   243   310
   244   491
   244   493
   245   491
   245   310
   245   494
   246   495
   246   496
   246   497
   247   498
   247   499
   248   500
   248   304
   249   501
   249   502
   249   503
   250   501
   250   503
   251   501
   251   503
   251   504
   252   501
   252   504
   253   505
   254   506
   254   507
   255   508
   255   509
   255   510
   256   511
   257   512
   257   513
   258   246
   258   245
   259   246
   259   514
   259   245
   260   515
   260   516
   260   517
   261   515
   261   516
   261   517
   261   518
   262   519
   262   520
   263   521
   263   522
   264   523
   264   524
   264   525
   264   526
   264   527
   265   523
   265   528
   266   529
   266   530
   267   531
   267   532
   267   533
   267   534
   268   535
   268   536
   269   537
   270   538
   270   539
   270   540
   271   538
   271   541
   271   542
   271   543
   272   544
   273   545
   273   546
   274   547
   275   547
   275   548
   276   549
   276   550
   276   551
   276   122
   277   552
   278   553
   278   554
   278   555
   279   556
   280   557
   280   558
   280   559
   281   560
   281   561
   282   562
   282   563
   282    34
   282    54
   283   562
   283   563
   283    35
   283   134
   283    55
   283   133
   283   135
   283    34
   283    54
   284   562
   284    35
   284    54
   284    34
   284    55
   285   564
   285   565
   285   566
   285   567
   286   568
   286   190
   287   569
   287   570
   288   571
   288   572
   289   573
   289   574
   290   575
   290   576
   290   282
   291   575
   291   282
   292   575
   292   282
   292   577
   293   578
   293   579
   294   580
   295   581
   295   582
   295   583
   296   584
   296   585
   297   586
   297   587
   297   588
   297   137
   298   589
   299   590
   299   591
   299   592
   299   593
   300   594
   300   595
   301   278
   301   404
   301   279
   301   596
   302   597
   303   597
   303   328
   303   417
   304   597
   304    47
   305   598
   305   599
   306   600
   306   601
   307   602
   308   603
   308   604
   309   605
   310   606
   311   276
   311   607
   311   608
   311   609
   312   610
   312   611
   312    46
   313   610
   313    46
   313   612
   313   613
   314   614
   315   615
   315   616
   316   617
   316   618
   317   619
   317   620
   317   621
   318   622
   319   622
   319   623
   320   624
   320   625
   321   626
   321   627
   321   628
   321   629
   322   630
   322   631
   322   632
   323   633
   323   634
   324   635
   325   636
   325   637
   325   638
   326   639
   326   163
   326   640
   326   317
   326   302
   327   639
   327   302
   327   464
   328   639
   328   641
   329   642
   329    79
   330   643
   330   644
   331   645
   332   646
   333   647
   333    79
   334   648
   334   649
   335   650
   336   101
   336   100
   337   651
   337   652
   337   190
   337   568
   338   653
   338   654
   338   655
   338   656
   339   653
   339   655
   339   656
   340   653
   340   657
   340   655
   340   656
   341   653
   341   658
   341    35
   341   655
   341   656
   342   653
   342   658
   342   655
   342   656
   343   659
   343   660
   343   661
   343   662
   344   663
   344   664
   344   665
   344   666
   344   667
   345   668
   345   669
   346   670
   346   671
   347   670
   347   672
   348   502
   348   501
   348   503
   349   673
   349   674
   350   516
   350   517
   351   516
   351   517
   351   675
   352   676
   352   677
   352   444
   353   664
   353   678
   353   663
   354   679
   354   680
   354   681
   355   682
   355   683
   355   684
   355   685
   356   686
   356    58
   357   351
   357   687
   358   688
   359   689
   360   690
   360   691
   360   538
   360   540
   361   692
   362   693
   362   343
   363   694
   363   695
   363   696
   363   697
   363   698
   363   699
   364   446
   364   700
   365   701
   365    97
   365   702
   365   703
   366   704
   367   705
   367   706
   367   707
   367   708
   368    98
   368    70
   369    98
   369    95
   369    97
   370    98
   370    95
   370    97
   370   709
   371    98
   371   100
   371    97
   371   709
   371    95
   372    98
   372    97
   372    99
   372    96
   372    95
   373    98
   373   710
   373   711
   373    70
   374   712
   374    88
   374    89
   375   713
   375   714
   375   643
   376   715
   377   696
   377   716
   377   717
   377   718
   377   719
   378   262
   379   720
   379   721
   380   671
   380   722
   381   723
   382   724
   382   725
   382   726
   382   727
   383   728
   384   729
   385   730
   385   137
   385   588
   386   731
   386   732
   387   733
   387   734
   387   735
   388   736
   389   737
   389    72
   389   738
   390   444
   391   444
   391   739
   391    73
   392   444
   392   740
   393   741
   394   742
   395   743
   395   294
   395   744
   395   745
   395   295
   396   743
   396   746
   397   743
   397   747
   398   743
   398   295
   398   744
   399   748
   400   748
   400   749
   401   750
   402   751
   402   752
   403   753
   403   754
   403   720
   404   755
   404   756
   405   757
   406   757
   406   758
   406   759
   407   757
   407   760
   408   757
   408   761
   409   757
   409   761
   409    35
   410   757
   410   762
   411   757
   411   762
   411   763
   411   764
   412   757
   412   765
   412   762
   412   766
   413   767
   413   768
   413   769
   413   770
   414   771
   414   772
   414   128
   414   773
   414   127
   414   774
   415   775
   415   776
   415   762
   416   775
   416   762
   416   776
   417   775
   417   762
   417   776
   417   777
   418   725
   419   778
   419   779
   420   780
   421    10
   422    10
   422     8
   423   781
   423   782
   423   497
   424   783
   425   632
   425   784
   425   785
   426   786
   426   787
   426   788
   427   347
   427   217
   427   517
   427   789
   428   347
   428   346
   428   348
   428   217
   429   790
   429   791
   429   598
   430   792
   431   793
   431   663
   431   794
   431   795
   432   796
   432   797
   432   798
   432   799
   432    65
   433   800
   433   801
   433   802
   433   803
   433   804
   433   805
   434   806
   434   807
   434   808
   434   809
   434    63
   435   810
   435   811
   436   812
   437   813
   437   814
   438   815
   438   816
   438   817
   439   818
   439   819
   440   820
   440   821
   441   822
   441   823
   441   824
   441   825
   442   826
   442   827
   442   828
   442   829
   442   830
   442   831
   442   832
   442   833
   442   834
   442   835
   443   836
   443   837
   443   838
   444   839
   445    35
   445   840
   445    34
   445    55
   446    35
   446   134
   446    34
   447    35
   447   841
   447    31
   447    55
   447    34
   448   842
   448   843
   449   842
   449   844
   449   843
   450   845
   450   846
   450   847
   450   848
   451   849
   451   850
   452   851
   452   852
   452   853
   453   854
   453   647
   453    79
   454   855
   455   721
   455   720
   456   856
   456   857
   456   858
   457   859
   458   107
   458   860
   459   861
   459   862
   459   863
   460   864
   460   865
   460   655
   461   655
   461   866
   461    35
   462   747
   462   743
   463   867
   463   868
   463   372
   464   869
   465   870
   466   871
   466   872
   466   873
   466   874
   466   875
   467   876
   468   877
   469   878
   469   879
   469   880
   469   881
   469   882
   470   808
   470   806
   470   807
   470    63
   471   883
   472   884
   472   885
   472   886
   473   513
   474   887
   474   888
   475   889
   475   890
   475   891
   476   892
   477   197
   477   196
   478   762
   479   762
   479   765
   479   757
   479   766
   479   893
   479   776
   480   762
   480   763
   480   764
   480    35
   481   894
   481   653
   481   655
   481   656
   482   894
   482    56
   482   655
   482    57
   483   895
   483   403
   483    31
   483   328
   484   896
   484   897
   484   898
   484   899
   484   900
   485   901
   485   902
   485   903
   486   904
   486   905
   486   906
   487   907
   487   908
   488   308
   488   591
   489   308
   490   308
   490   909
   490   266
   490   267
   490   269
   491   528
   491   523
   492   910
   492   911
   492   912
   493   913
   493   914
   493   915
   493   916
   493   917
   493   918
   494   919
   494   172
   495   920
   496   921
   496   922
   497   416
   497   923
   498   924
   498   925
   498   926
   499   178
   499   927
   500   244
   500   928
   501   929
   502   930
   502   931
   503   932
   503   743
   503   933
   504   932
   504   934
   505   932
   505   933
   506    56
   506    57
   507    56
   507    57
   507   935
   508    56
   508   548
   508    57
   509   936
   509   937
   509   938
   509   118
   509   939
   510   940
   511   941
   511   479
   512   942
   512   943
   512   944
   513    58
   513    52
   513    59
   514   264
   514   266
   514   267
   514   945
   514   269
   514   946
   515   264
   515   266
   515   267
   515   269
   516     2
   516     1
   517     2
   517   947
   518   948
   519   948
   519   949
   520   950
   520   951
   521   952
   521   953
   521   954
   522   952
   522   954
   522   953
   522   955
   523   952
   523   954
   523   953
   523   955
   524   956
   524   195
   524   957
   525   328
   525   417
   526   958
   526   959
   526   960
   527   591
   527   592
   528   657
   529   961
   529   962
   529   963
   530   964
   530   518
   530   152
   530   965
   531   966
   531   967
   531   968
   531   969
   531   970
   531   971
   532   972
   533   973
   533   974
   534   975
   534   976
   534   977
   535   759
   535   758
   535    70
   536   759
   536   758
   536    70
   536    73
   536   978
   537   979
   537   980
   538   981
   538   982
   538   983
   539   984
   539   985
   539   986
   540   984
   540   985
   540   987
   541   988
   541   989
   542   990
   542   974
   543   991
   544   992
   544    89
   545   993
   545   994
   546   995
   546   996
   546   997
   546   998
   546   999
   547  1000
   547  1001
   548  1002
   549   837
   550  1003
   550  1004
   550   974
   551  1003
   551  1004
   551   974
   551  1005
   552  1006
   553  1006
   553    79
   554  1007
   554  1008
   555  1009
   555    52
   555    34
   556  1010
   556  1011
   557  1012
   557  1013
   558  1014
   558  1015
   559  1016
   560  1017
   560    63
   561  1018
   561  1019
   562   236
   562    73
   563   417
   563   328
   564  1020
   565  1021
   566   128
   566   129
   566  1022
   566  1023
   566  1024
   567  1025
   567  1026
   567    54
   568  1027
   568  1028
   569   623
   570   510
   571  1029
   571   747
   571  1030
   571   295
   572   551
   572   122
   573   551
   573   122
   573  1031
   574  1032
   574  1033
   575  1034
   575  1035
   576  1036
   576  1037
   577  1036
   577  1038
   577  1039
   578  1040
   578  1041
   578   309
   579    89
   579    88
   580    89
   580   992
   581   225
   581  1042
   581   219
   581   217
   582  1043
   582  1044
   582  1045
   583  1046
   583  1011
   584   454
   584   459
   584   460
   585  1047
   585   483
   586  1048
   586  1049
   586  1050
   586  1051
   586    13
   587  1052
   588  1053
   588  1054
   589  1055
   590  1055
   590  1056
   591  1055
   591  1057
   591  1058
   591  1059
   592  1060
   593  1061
   593  1062
   593  1063
   593  1064
   593  1065
   593  1066
   593  1067
   593  1068
   593  1069
   593  1070
   594   931
   595   807
   595   806
   595   808
   595  1071
   595  1072
   595  1073
   595  1074
   595    63
   596   807
   596  1072
   596   806
   596   808
   596   363
   596    63
   597   228
   597  1075
   598  1076
   599  1077
   600  1078
   601  1079
   601  1080
   602  1081
   603  1082
   603   282
   604   174
   605   372
   605    79
   606  1083
   606  1084
   606    70
   607  1085
   607     1
   607     2
   608  1086
   609   517
   609  1087
   609  1088
   610   517
   610  1089
   610  1088
   611   517
   611  1089
   611   152
   612   517
   612  1088
   613   517
   613   151
   613   518
   613   152
   614   517
   614   151
   614   152
   615   517
   615   518
   616   517
   616  1090
   616  1088
   617  1091
   618   710
   618    72
   618    73
   618    70
   619   474
   620   474
   620   473
   620   985
   620  1092
   621   474
   621   985
   622   474
   622  1093
   622   985
   623   474
   623   223
   623   220
   624   466
   625   466
   625   465
   626  1094
   626  1095
   626  1096
   626  1097
   627  1098
   627  1099
   627  1100
   628  1101
   629  1102
   629  1103
   629  1104
   630  1105
   631  1106
   631  1107
   631  1108
   631  1109
   631  1110
   631  1111
   631  1112
   631  1113
   631  1114
   632  1115
   632  1116
   633  1117
   633  1118
   633  1119
   633  1120
   633  1121
   634    79
   635    79
   635  1122
   635  1123
   636    79
   636   760
   636   372
   637    79
   637   647
   638    79
   638   757
   638  1124
   639    79
   639   372
   639   310
   640    79
   640   122
   641    79
   641   282
   642    79
   642    47
   643    79
   643   309
   643   310
   644    79
   644   310
   645    79
   645   310
   645   309
   646  1125
   646   248
   646  1126
   646   416
   647  1127
   648  1093
   648   474
   648   985
   648   986
   649  1128
   649  1129
   650   977
   650    89
   651   977
   651  1130
   652   658
   652  1131
   652   775
   652   655
   653  1132
   653  1133
   654  1134
   654  1135
   655  1136
   655  1137
   655   957
   655   195
   655  1138
   656  1136
   656  1139
   656   195
   656   957
   657  1140
   657  1141
   658  1142
   658  1143
   659  1144
   660  1145
   661   222
   661   344
   661  1146
   661   220
   662  1147
   662  1148
   662  1149
   662  1150
   662  1151
   663  1152
   664  1153
   664  1154
   664  1155
   664  1156
   664  1157
   664  1158
   664  1159
   664  1160
   664  1161
   665  1162
   666   115
   666  1163
   666  1164
   667  1165
   667  1166
   668   260
   668   259
   668  1167
   668  1168
   669  1169
   669  1170
   670  1171
   670   821
   671  1172
   672  1173
   672    79
   673  1174
   674  1175
   675  1176
   675  1177
   675   932
   676   151
   677   151
   677  1178
   677    97
   678   151
   678  1179
   678   282
   679   151
   679   518
   679   152
   680   151
   680   152
   681   137
   682   137
   682   588
   683  1180
   684  1181
   684   590
   684   591
   684  1182
   684   592
   685  1183
   685   303
   686   344
   686   220
   687   344
   687  1146
   687   220
   688  1184
   689  1185
   689  1186
   689  1187
   690  1188
   691  1189
   692  1190
   692   328
   692   329
   693  1191
   693    55
   693    35
   693   841
   693    34
   693  1192
   694  1193
   695  1194
   695  1195
   696   418
   696   403
   696   328
   697  1196
   697  1197
   697    79
   697  1198
   698  1199
   698  1200
   698  1201
   699   914
   699   917
   699  1202
   699  1203
   699  1204
   699  1205
   699  1206
   699  1001
   700   914
   700  1207
   700   917
   700  1202
   700   915
   700  1208
   700  1209
   700   916
   701   914
   701  1202
   701   917
   702  1210
   702  1211
   702  1212
   702  1213
   703  1214
   704  1214
   705   738
   706  1215
   706   331
   706  1216
   706  1217
   706  1218
   707  1219
   707  1220
   708  1221
   709  1222
   709   501
   709   151
   710  1223
   710  1224
   710  1225
   711  1226
   712  1226
   712  1227
   713  1226
   713  1228
   714   133
   714    34
   715   133
   715  1229
   715  1230
   715    55
   715    34
   716    57
   717   342
   717   340
   718  1231
   718   245
   719  1232
   719  1233
   720  1234
   720  1235
   720   416
   721  1236
   721   482
   721  1237
   722  1131
   722    35
   722   655
   723   129
   723  1024
   723  1022
   724   791
   724   598
   724   790
   725  1238
   725  1239
   726   548
   726  1240
   727  1024
   727   129
   728  1241
   728  1242
   729  1243
   729  1244
   730  1245
   730  1246
   730  1247
   730  1248
   730   483
   731  1249
   731  1250
   732  1251
   732   482
   732  1252
   733  1253
   733  1254
   733  1255
   734  1253
   734  1255
   735  1146
   735   344
   735   220
   736  1256
   736   765
   736   766
   736   122
   737  1202
   737  1257
   737  1258
   737   917
   738  1259
   738  1260
   739  1261
   739  1262
   739  1263
   740  1264
   740   376
   740   377
   740   378
   741  1265
   741  1266
   741  1267
   741  1268
   742   873
   742  1269
   743  1270
   744  1271
   744   321
   744   322
   745  1272
   745  1273
   745   948
   746  1274
   746  1275
   746   844
   746  1276
   746  1277
   747  1278
   748    71
   748    70
   748    72
   749   745
   749  1279
   749   295
   750   745
   750   294
   750   743
   750   744
   750   295
   751   745
   751  1280
   751  1281
   751  1282
   752   745
   752   295
   753  1283
   753  1146
   753   220
   753  1284
   754  1285
   755  1286
   756   698
   756   694
   757  1287
   757  1288
   757  1289
   757  1290
   757  1291
   758  1292
   759  1293
   759  1294
   759  1295
   760  1296
   760   376
   760   377
   760    34
   760   378
   761  1297
   762  1298
   763  1299
   763  1300
   764  1301
   765  1302
   766  1303
   767  1019
   767  1304
   767  1305
   768  1019
   768  1306
   769  1019
   769  1307
   769  1308
   769  1309
   769  1310
   769  1018
   770  1311
   770  1312
   771  1313
   771  1314
   771  1315
   771  1316
   771  1317
   772  1072
   772   807
   772  1017
   772    63
   773  1318
   774  1319
   774   901
   775  1320
   776  1321
   776  1322
   777  1323
   777   525
   778  1324
   778  1325
   778  1326
   779  1200
   780  1327
   780  1328
   781  1329
   781  1330
   782  1331
   783  1332
   783  1333
   783  1334
   784  1335
   785  1336
   785  1337
   785  1338
   785  1339
   786  1340
   786   883
   787  1341
   788  1342
   788   518
   789   282
   789  1082
   790   282
   790   151
   791   282
   791   151
   791  1179
   791  1343
   792   282
   792  1344
   792  1345
   793   282
   793   284
   794  1346
   794  1226
   795   722
   795  1347
   796  1348
   796   378
   796  1349
   797  1350
   797  1351
   797  1352
   797  1353
   797   363
   798  1354
   799   677
   800  1355
   800  1356
   801  1357
   802  1357
   802   524
   802   747
   802   743
   803  1357
   803   932
   804  1357
   804  1358
   804  1359
   805  1357
   805  1360
   806  1361
   807    73
   808    47
   809    47
   809  1362
   810    47
   810  1362
   810   429
   810  1363
   811    47
   811  1364
   812  1365
   812  1366
   812  1367
   812  1287
   812  1368
   813   933
   813   743
   813   294
   813   744
   813   295
   813   932
   814   933
   814  1369
   814  1370
   814   294
   814   295
   814   932
   815  1371
   815  1372
   816  1373
   816  1374
   817  1375
   817  1376
   817  1377
   818  1378
   818  1295
   818  1379
   819  1380
   820   604
   821   309
   822   309
   822  1041
   823  1381
   824  1382
   824   523
   824    77
   825  1383
   826  1384
   827  1385
   827  1386
   827   195
   828  1387
   828  1388
   829  1389
   830   330
   831   330
   831   548
   832   330
   832  1390
   833   330
   833  1390
   833   548
   834  1391
   834  1392
   834  1393
   835  1394
   836  1395
   836  1146
   836  1396
   836   220
   836   344
   836  1397
   836   698
   836  1398
   837  1399
   837   315
   838  1400
   838  1401
   838  1402
   838  1403
   838  1404
   839  1405
   839  1406
   839   328
   839  1407
   839   417
   839  1408
   839  1409
   840  1410
   840  1411
   840   497
   841  1358
   841  1359
   842  1358
   842  1412
   842  1108
   842  1359
   843  1358
   843  1357
   843  1359
   844  1413
   844  1061
   845   187
   845  1163
   846   187
   846  1414
   846  1163
   846  1415
   846  1416
   847  1417
   847   304
   847  1027
   847  1418
   848  1419
   848   931
   849   765
   849  1256
   849   122
   850  1337
   850  1420
   851  1421
   851  1422
   851  1423
   851  1424
   852  1425
   852  1426
   852    10
   853  1427
   853  1428
   853  1429
   854  1430
   854   646
   854  1431
   854  1432
   854  1433
   854  1434
   854  1435
   854  1436
   854  1437
   854  1438
   854  1439
   854  1440
   854  1441
   854  1442
   854  1443
   854  1444
   854  1445
   854  1446
   854  1447
   854  1448
   855  1430
   855  1449
   855  1431
   855  1432
   856  1450
   856  1451
   857   284
   857  1452
   857   282
   858   284
   858   575
   858   282
   859   284
   859   282
   860  1453
   860   217
   861  1454
   861  1361
   862  1455
   862   722
   863  1456
   863   483
   864  1457
   864  1458
   864  1459
   864  1460
   865   518
   866   518
   866   226
   866   517
   866   151
   866   152
   867   518
   867  1461
   867   128
   867   152
   868   518
   868   517
   869   518
   869   151
   869   152
   870   518
   870   153
   871  1462
   871    56
   871    57
   872  1463
   873  1464
   874   152
   875  1465
   875  1466
   875   861
   875  1467
   875   295
   875  1468
   876    54
   876  1469
   876  1316
   876  1470
   876  1471
   877  1472
   877  1473
   877  1474
   878  1475
   878  1476
   878  1477
   879  1478
   879  1479
   879   208
   880  1480
   881  1480
   881  1481
   882  1482
   882  1483
   882    97
   883  1484
   883  1485
   883  1486
   884  1487
   884  1488
   885   190
   886   190
   886   568
   887  1489
   887  1490
   887  1143
   888  1491
   889  1492
   889  1493
   890   315
   891  1494
   891  1495
   892  1496
   892  1497
   893   301
   893   974
   894   301
   894  1498
   895   301
   895   297
   896  1275
   896  1274
   896   844
   897    83
   898    83
   898   564
   899    83
   899  1499
   900   310
   901   310
   901   491
   901    79
   902   310
   902   309
   903  1500
   904  1501
   904  1502
   904   240
   904  1503
   904  1504
   905   450
   906  1505
   907  1505
   907  1506
   907  1507
   907  1508
   907  1509
   907  1510
   908  1511
   909  1512
   909  1513
   909  1514
   910  1001
   910   256
   910   255
   911  1001
   911  1505
   911  1515
   912  1121
   912  1516
   912  1517
   912  1518
   913  1519
   913  1520
   913   244
   913   928
   913  1521
   914  1426
   914    10
   915   509
   915   191
   915   508
   915    34
   916   509
   916   191
   916   508
   916    34
   916   510
   917  1522
   918  1522
   919  1523
   919  1524
   920  1525
   921  1526
   921  1527
   922  1528
   923  1529
   924  1530
   925  1530
   925    55
   925    34
   926  1531
   927  1531
   927  1532
   928  1533
   928    10
   929   533
   929  1534
   929  1535
   929  1536
   929   532
   929   531
   930  1537
   930   844
   931  1538
   931  1539
   931  1540
   932  1541
   932  1542
   932  1494
   932  1543
   932  1492
   933  1544
   933  1545
   934  1546
   934  1547
   934  1548
   934  1549
   935  1550
   935   309
   936  1551
   936    35
   936    34
   937  1551
   937    35
   937    34
   937  1552
   938  1551
   938    55
   938    34
   939  1553
   940   295
   941   295
   941   743
   941   745
   942   295
   942   745
   942   744
   942   743
   942   294
   942  1279
   943   295
   943  1554
   943  1555
   943  1556
   944  1557
   944   677
   944  1558
   944  1559
   945  1560
   946  1561
   946  1562
   946  1146
   946   220
   947   947
   948  1563
   948  1564
   948  1565
   948  1566
   948  1567
   948  1568
   948    64
   948    63
   949  1569
   949  1570
   950   338
   950   632
   950  1571
   950  1572
   950  1573
   950  1574
   951  1575
   951   632
   951   784
   952  1576
   952  1577
   952  1578
   952  1579
   953  1580
   953   632
   953   631
   954  1581
   954  1582
   955   223
   955   220
   956  1583
   957  1584
   957  1585
   958  1586
   958  1587
   959  1588
   959  1586
   960  1589
   960   523
   960    77
