1 1
1 3
1 5
1 6
2 1
2 2
2 4
2 5
2 6
3 1
3 3
3 4
3 5
4 1
4 2
4 3
4 4
4 5
4 6
5 7
5 9
5 11
6 7
6 8
6 9
6 10
6 11
6 12
7 7
7 8
7 10
7 11
7 12
8 7
8 8
8 9
8 10
8 11
9 7
9 9
9 10
9 11
9 12
10 7
10 9
10 10
10 11
10 12
11 13
11 17
11 18
11 19
12 13
12 14
12 15
12 16
12 18
12 19
13 13
13 14
13 15
13 16
13 17
13 19
14 13
14 14
14 15
14 16
14 17
14 18
14 19
15 20
15 22
15 23
15 24
15 25
15 27
16 20
16 21
16 22
16 24
16 26
16 27
17 24
18 20
18 21
18 22
18 23
18 24
18 25
18 26
18 27
19 20
19 21
19 22
19 23
19 24
19 25
19 26
19 27
20 28
20 30
20 31
20 32
20 34
20 35
21 28
21 29
21 30
21 31
21 33
21 34
21 35
22 29
22 31
22 32
22 33
22 35
23 28
23 29
23 30
23 31
23 32
23 33
23 34
24 36
24 37
24 38
24 39
24 40
25 36
25 37
25 38
25 39
25 40
26 36
26 38
26 40
27 36
27 37
27 40
28 38
28 39
28 40
29 36
29 37
29 38
29 39
30 36
30 38
30 39
30 40
