1 1
1 3
1 7
1 8
1 25
2 1
2 3
2 5
2 6
2 7
2 17
2 25
3 1
3 3
3 5
3 6
3 7
3 8
3 25
3 32
4 1
4 3
4 5
4 6
4 7
4 8
4 25
4 32
5 9
5 10
5 12
5 13
5 14
5 15
5 16
5 34
6 9
6 10
6 11
6 12
6 13
6 35
7 9
7 10
7 11
7 12
7 13
7 14
7 15
8 9
8 10
8 11
8 12
8 13
8 14
8 15
8 34
9 9
9 11
9 12
9 13
9 14
9 15
9 34
10 19
10 21
10 22
10 28
11 19
11 21
11 22
11 23
11 24
11 26
11 28
12 19
12 21
12 23
12 24
12 26
13 19
13 21
13 22
13 23
13 24
13 26
14 19
14 21
14 23
14 25
14 26
15 2
15 4
15 18
15 20
15 27
15 29
15 30
15 31
15 33
16 1
16 3
16 5
16 6
16 17
16 32
16 33
17 2
17 4
17 18
17 27
17 29
17 31
18 2
18 4
18 29
18 31
19 2
19 4
19 18
19 20
19 27
19 29
19 30
19 31
19 33
20 2
20 4
20 20
20 29
20 30
20 31
20 33
