1 1
1 4
1 5
1 7
1 14
2 3
2 6
3 1
3 2
3 3
3 4
3 5
3 6
3 14
4 2
4 3
5 2
5 3
6 1
6 2
6 6
7 1
7 5
8 3
8 10
9 7
9 8
9 9
9 10
9 11
9 12
9 13
9 15
9 16
9 17
9 18
9 19
10 3
10 9
10 12
10 14
10 15
11 7
11 8
11 10
11 13
11 19
11 20
12 11
12 16
13 8
13 11
13 12
13 14
13 15
13 16
13 19
14 8
14 9
14 11
14 15
15 10
15 13
15 17
15 18
15 20
16 1
16 6
16 8
16 9
16 11
16 12
16 13
16 15
16 16
16 17
16 19
16 20
17 3
17 13
17 17
17 20
18 5
18 6
18 9
18 14
18 15
18 16
18 17
18 19
19 6
19 14
19 18
20 5
20 15
20 16
21 8
21 10
21 14
21 18
22 3
22 8
22 9
22 10
22 12
22 13
22 14
22 17
22 18
22 20
23 8
23 10
23 14
23 18
