1  11  
2  69  
2  58  
2  87  
2  20  
2  73  
2  53  
2  52  
3  59  
3  78  
3  39  
4  24  
4  77  
5  2  
5  79  
9  58  
9  72  
10  14 
10  13  
10  81  
10  59  
10  57  
11  12  
11  24  
11  77  
12  23  
12  24  
13  23  
13  26  
13  65  
13  75  
13  86  
14  25  
14  63  
15  27  
15  12  
15  13  
15  14  
16  10  
16  11  
19  12  
19  13  
22  11  
23  66  
23  65  
23  75  
23  94  
23  71  
23  86  
25  91  
25  65  
25  66  
25  70  
25  28  
26  66  
26  71  
27  12  
27  13  
27  14  
28  64  
29  53  
29  52  
29  34  
29  2  
29  58  
29  51  
30  35  
30  36  
30  37  
30  38  
30  61  
30  62  
30  23  
30  13  
30  58  
35  25  
35  26  
35  23  
35  13  
35  58  
35  64  
36  25  
37  62  
43  12  
43  65  
44  62  
45  78  
45  61  
45  62  
45  35  
45  36  
45  37  
45  38  
46  45  
46  43  
46  67  
47  29  
52  53  
52  34  
53  34  
58  94  
58  23  
59  57  
60  12  
61  78  
63  27  
63  15  
63  96  
63  87  
64  58  
65  75  
67  74  
67  35  
67  26  
67  13  
67  87  
67  58  
69  58  
69  17  
69  5  
69  43  
69  29  
69  49  
69  56  
69  23  
69  13  
69  24  
69  12  
69  76  
69  15  
#69  15 
69  27  
69  68  
69  1  
69  93  
69  65  
69  6  
69  42 
69  51 
69  75 
69  18 
69  74 
69  67 
69  30 
69  72 
69  7  
69  47 
69  86 
71  31 
72  92 
72  34 
72  29 
72  76 
72  31 
72  104
75  34 
75  25 
75  84 
75  41 
75  54 
75  43 
75  33 
78  25 
78  12 
78  26 
78  13 
78  35 
78  36 
78  37 
78  38 
78  8  
78  50 
78  58 
78  102
78  100
78  21 
78  64 
79  86 
79  80 
79  93 
79  2  
79  7  
80  86 
80  93 
81  82 
81  78 
81  62 
83  33 
83  75 
83  31 
85  67 
85  87 
86  48 
86  103
86  40 
86  96 
86  31 
86  97 
86  29 
86  5  
88  23 
88  89 
89  23 
89  13 
90  24 
90  12 
91  35 
91  26 
90  61 
93  86 
93  96 
93  99 
95  58 
98  12 
98  13 
99  48 
99  86 
99  40 
99  96 
101  48
101  99
101  86
103  40
104  54
104  32
104  55