     1     1
     1     2
     1     3
     1     4
     1     5
     1     6
     1     7
     1     8
     2     9
     2    10
     2    11
     2    12
     2    13
     2    14
     2    15
     2    16
     2    17
     2    18
     2    19
     2    20
     2    21
     3    22
     3    23
     3    24
     3    25
     3    26
     4    10
     4    27
     4    28
     4    29
     5    30
     5    31
     6    13
     6    32
     6    33
     6    34
     6    35
     6    36
     7     1
     7     4
     7    37
     8    38
     8    39
     8    40
     8    41
     8    42
     8    43
     8    44
     8    58
     9    27
     9    45
    10    46
    10    47
    11    41
    11    48
    11    49
    12    25
    13    50
    13    51
    14    28
    14    32
    14    34
    15    14
    15    52
    15    53
    16     5
    16     7
    16    54
    17    10
    17    14
    17    55
    17    56
    17    57
    19    38
    19    39
    19    40
    19    41
    19    42
    19    43
    19    44
    19    58
    20    21
    21     8
    23     4
    24    38
    24    39
    24    40
    24    41
    24    42
    24    43
    24    44
    24    58
    26    38
    26    39
    26    40
    26    41
    26    42
    26    43
    26    44
    26    58
    27    10
    27    17
    28     2
    28    48
    28    59
    28    60
    29     9
    29    12
    29    13
    29    14
    29    18
    30    14
    30    55
    30    56
    30    61
    31    62
    32    50
    32    51
    33    10
    33    47
    33    53
    33    59
    34    63
    35    19
    36    49
    38    64
    38    65
    38    66
    39    64
    39    65
    39    66
    39    67
    45     9
    45    52
    45    67
    46    12
    46    20
    46    45
    46    68
    48    42
    50     4
    51    25
    51    55
    51    56
    51    57
    53     6
    53    10
    53    14
    53    23
    53    69
    55    70
    55    71
    56    72
    58    10
    58    65
    58    73
    59    60
    59    74
    59    84
    61    60
    61    75
    61    76
    62    15
    63     3
    64    49
    65    11
    65    37
    65    61
    65    77
    65    78
    65    79
    65    80
    65    81
    66    62
    66    82
    66    83
    66    84
    66    85
    66    86
    66    87
    66    88
    67    13
    67    60
    67    70
    67    74
    67    89
    67    90
    67    91
    67    92
    68     2
    68    93
    68    94
    68    95
    68    96
    68    97
    68    98
    68    99
    68   100
    69    54
    69    55
    69    68
    69   101
    69   102
    69   103
    69   104
    69   105
    69   106
    69   107
    70    75
    70   108
    70   109
    70   110
    71    10
    71    14
    71    19
    71    22
    71    73
    71   111
    72    30
    72    31
    73     1
    73    11
    73    26
    73    29
    73    78
    73    80
    73    89
    73    97
    73    99
    73   108
    73   112
    73   113
    74    35
    74    62
    74    94
    74    95
    74   100
    74   109
    75    79
    75   101
    75   110
    75   114
    75   115
    76    10
    76    21
    76    61
    76    72
    76    77
    76    93
    76   102
    76   116
    76   117
    77    92
    77   118
    77   119
    78    82
    78    85
    78    93
    78   120
    78   121
    79    33
    79    39
    80    24
    80   105
    80   106
    80   107
    81     8
    81    69
    81    87
    81    88
    82    13
    82    83
    82    91
    82   122
    82   123
    83    22
    83    54
    83    86
    83   103
    84    76
    84    90
    84   111
    84   124
    85    83
    85   104
    85   111
    85   124
    85   125
    86    44
    86    46
    87    87
    87    98
    87   122
    87   124
    88    11
    88    81
    88    84
    88    96
    89   117
    89   119
    89   126
    89   127
    89   128
    90   126
    90   129
    90   130
    91   123
    91   127
    91   130
    92   125
    93     3
    93    16
    93    36
    93   131
    94   116
    95   104
    95   111
    95   126
    95   132
    96    81
    96   113
    96   130
    96   133
    98   126
    99   113
    99   114
    99   121
    99   134
    99   135
   100    11
   100   118
   101    81
   101   115
   101   136
   102    97
   102   102
   102   104
   102   112
   102   129
   103     3
   103    16
   103    36
   103   131
   104     3
   104    16
   104    36
   104   131
   105   114
   105   120
   105   133
   105   135
   106   128
   107    63
   108    59
   108    71
   108   136
    66   132
    89   134
