     1     1
     1    11
     1    12
     1    14
     1    15
     1    18
     2     2
     2    11
     2    15
     3     3
     3     5
     3    13
     3    15
     4     4
     4     5
     5     3
     5     5
     5     6
     5    11
     5    12
     5    13
     5    14
     5    15
     6     3
     6     4
     6     5
     6     6
     6    12
     6    13
     6    14
     6    15
     6    18
     7     7
     7    13
     7    14
     7    15
     8     8
     8    13
     8    15
     9     9
     9    13
     9    15
    10    10
    10    14
    11     1
    11    11
    11    13
    11    14
    11    15
    11    17
    11    18
    12     3
    12    12
    13     1
    13     3
    13     5
    13     7
    13     8
    13     9
    13    11
    13    13
    13    14
    13    15
    13    16
    13    17
    13    18
    14     1
    14     5
    14    11
    14    13
    14    14
    14    15
    14    18
    15     1
    15     5
    15     8
    15    11
    15    12
    15    13
    15    14
    15    15
    15    16
    15    17
    15    18
    16    11
    16    13
    16    14
    16    15
    16    16
    16    17
    17    13
    17    15
    17    17
    18     5
    18    11
    18    13
    18    14
    18    15
    18    18
