    17     4
    17     3
    17     2
    17     1
    16     4
    16     1
    15     5
    15     2
    15     1
    13     4
    13     3
    13     2
    18     8
    18     9
    13     1
    12     9
    12     8
    12     7
    19     5
    10     9
    19     7
    19     8
    19     9
    10     8
    10     7
     9     9
     9     8
     9     7
     8     9
    20     7
    20     8
    20     9
    21     1
    21     2
    21     3
    21     4
     8     8
     8     7
     8     5
     7     9
     7     8
     7     7
     7     6
     6     9
     6     8
    22     5
     6     7
    22     7
    22     8
    22     9
     6     6
     5     7
     5     6
     5     5
     5     4
    23     6
    23     7
    23     8
    23     9
    24     1
    24     2
    24     3
     4     5
    24     5
     4     4
     4     2
     4     1
     3     4
    25     1
    25     2
    25     3
    25     4
     3     3
     3     2
     2     4
     2     3
     2     2
    26     1
    26     2
    26     3
    26     4
     2     1
     1     4
     1     3
     1     2
     1     1
