    13     9
    26     8
    26     7
    26     6
     1     5
     1     6
     1     7
     1     8
     1     9
    26     5
    25     9
    25     8
    25     7
     2     5
     2     6
     2     7
     2     8
     2     9
     3     1
    25     6
    25     5
    24     9
     3     5
     3     6
     3     7
     3     8
     3     9
    24     8
    24     7
     4     3
    24     6
    24     4
     4     6
     4     7
     4     8
     4     9
     5     1
     5     2
     5     3
    23     5
    23     4
    23     3
    23     2
     5     8
     5     9
     6     1
     6     2
     6     3
     6     4
     6     5
    23     1
    22     6
    22     4
    22     3
     7     1
     7     2
     7     3
     7     4
     7     5
    22     2
    22     1
    21     9
    21     8
     8     1
     8     2
     8     3
     8     4
    21     7
     8     6
    21     6
    21     5
    20     6
     9     1
     9     2
     9     3
     9     4
     9     5
     9     6
    20     5
    20     4
    20     3
    10     1
    10     2
    10     3
    10     4
    10     5
    10     6
    20     2
    20     1
    19     6
    11     1
    11     2
    11     3
    11     4
    11     5
    11     6
    11     7
    11     8
    11     9
    12     1
    12     2
    12     3
    12     4
    12     5
    12     6
    19     4
    19     3
    19     2
    19     1
    18     7
    18     6
    18     5
    13     5
    13     6
    13     7
    13     8
    26     9
    14     2
    14     3
    14     4
    14     5
    14     6
    14     7
    14     8
    14     9
    18     4
    18     3
    15     3
    15     4
    18     2
    15     6
    15     7
    15     8
    15     9
    18     1
    16     2
    16     3
    17     9
    16     5
    16     6
    16     7
    16     8
    16     9
    17     8
    17     7
    17     6
    17     5
