1 5
1 6
1 7
1 18
1 25
1 26
1 38
1 39
1 40
1 44
1 45
1 46
1 48
1 56
1 59
2 3
2 4
2 11
2 12
2 18
2 20
2 23
2 24
2 25
2 29
2 32
2 35
2 37
2 46
2 47
2 52
2 57
2 59
2 68
2 69
2 70
2 71
3 6
3 7
3 9
3 13
3 18
3 19
3 20
3 23
3 26
3 31
3 33
3 34
3 41
3 42
3 44
3 47
3 49
3 50
3 51
3 65
4 13
4 18
4 19
4 20
4 23
4 25
4 26
4 27
4 30
4 31
4 32
4 33
4 34
4 41
4 42
4 44
4 46
4 51
4 59
4 65
4 71
5 8
5 9
5 10
5 12
5 13
5 14
5 15
5 16
5 18
5 20
5 22
5 23
5 24
5 26
5 27
5 29
5 32
5 35
5 43
5 44
5 46
5 48
5 50
5 52
5 53
5 55
5 57
5 58
5 61
5 65
5 68
5 69
5 71
6 8
6 9
6 10
6 12
6 13
6 14
6 15
6 16
6 18
6 20
6 22
6 23
6 24
6 25
6 26
6 27
6 29
6 32
6 35
6 43
6 44
6 46
6 48
6 52
6 53
6 55
6 57
6 58
6 59
6 65
6 68
6 69
6 71
7 8
7 9
7 10
7 12
7 14
7 15
7 16
7 18
7 22
7 25
7 26
7 27
7 32
7 35
7 43
7 44
7 46
7 48
7 53
7 55
7 57
7 58
7 65
7 68
7 69
7 71
8 17
8 23
8 24
8 25
8 32
8 35
8 38
8 39
8 40
8 45
8 46
8 57
8 64
8 68
8 69
8 71
8 72
9 10
9 35
9 40
9 44
9 49
9 50
9 57
9 68
9 69
10 13
10 23
10 32
10 33
10 35
10 39
10 40
10 41
10 42
10 45
10 46
10 57
10 68
10 69
10 71
10 72
11 13
11 23
11 28
11 33
11 34
11 36
11 37
11 41
11 42
11 51
11 52
11 54
11 58
11 62
11 63
11 65
11 66
11 70
11 71
11 72
12 13
12 17
12 20
12 23
12 27
12 28
12 29
12 30
12 33
12 34
12 38
12 39
12 40
12 41
12 42
12 51
12 54
12 56
12 58
12 62
12 63
12 64
12 65
12 71
12 72
13 22
13 27
13 30
13 31
13 36
13 37
13 38
13 39
13 40
13 44
13 48
13 51
13 52
13 56
13 57
13 59
13 60
13 66
13 68
13 69
13 70
14 17
14 23
14 24
14 25
14 32
14 35
14 38
14 39
14 40
14 45
14 46
14 57
14 64
14 68
14 69
14 71
14 72
15 17
15 23
15 24
15 25
15 32
15 35
15 38
15 39
15 40
15 45
15 46
15 57
15 64
15 68
15 69
15 71
15 72
16 17
16 23
16 24
16 25
16 32
16 35
16 38
16 39
16 40
16 45
16 46
16 57
16 64
16 68
16 69
16 71
16 72
17 18
17 19
17 20
17 22
17 25
17 26
17 32
17 35
17 36
17 37
17 43
17 44
17 47
17 48
17 52
17 55
17 60
17 66
18 23
18 24
18 28
18 33
18 36
18 37
18 41
18 52
18 54
18 63
18 64
18 66
18 72
19 23
19 28
19 32
19 33
19 36
19 37
19 41
19 52
19 54
19 58
19 63
19 64
19 66
19 69
19 70
19 71
19 72
20 30
20 34
20 38
20 39
20 40
20 51
20 54
20 56
20 58
20 61
20 64
20 65
20 70
20 72
21 24
21 25
21 35
21 45
21 46
21 47
21 57
21 60
21 68
21 69
21 71
22 23
22 24
22 25
22 32
22 38
22 39
22 40
22 41
22 45
22 46
22 56
22 57
22 64
22 68
22 69
22 71
23 30
23 31
23 34
23 35
23 36
23 37
23 38
23 39
23 40
23 43
23 44
23 45
23 46
23 48
23 51
23 52
23 55
23 57
23 59
23 62
23 66
23 68
23 69
23 70
24 26
24 30
24 32
24 33
24 34
24 36
24 37
24 43
24 51
24 52
24 54
24 55
24 66
25 27
25 28
25 33
25 34
25 41
25 43
25 48
25 51
25 53
25 54
25 55
25 58
25 62
25 63
25 64
25 70
25 72
26 28
26 33
26 54
26 58
26 63
26 64
26 70
26 72
27 30
27 33
27 34
27 35
27 40
27 41
27 42
27 45
27 56
27 57
27 61
27 68
27 69
27 72
28 29
28 31
28 32
28 35
28 44
28 45
28 46
28 47
28 59
28 60
29 30
29 38
29 39
29 40
29 51
29 54
29 70
29 72
30 35
30 45
30 57
30 61
30 65
30 68
30 69
30 70
30 72
31 32
31 33
31 34
31 37
31 41
31 42
31 49
31 50
31 52
31 54
31 58
31 63
31 66
31 70
31 71
31 72
32 33
32 40
32 41
32 43
32 50
32 51
32 54
32 55
32 58
32 62
32 63
32 64
32 70
32 72
33 35
33 36
33 37
33 44
33 45
33 46
33 52
33 57
33 59
33 61
33 66
33 68
33 69
33 70
33 71
33 72
34 35
34 36
34 37
34 45
34 46
34 52
34 57
34 59
34 61
34 66
34 68
34 69
34 70
34 71
35 41
35 42
35 43
35 48
35 49
35 50
35 51
35 54
35 55
35 58
35 62
35 63
35 64
35 71
36 41
36 42
36 44
36 45
36 46
36 48
36 54
36 59
36 68
36 71
36 72
37 41
37 42
37 44
37 45
37 46
37 48
37 54
37 59
37 68
37 71
37 72
38 43
38 48
38 49
38 50
38 53
38 55
38 61
38 65
38 71
39 43
39 44
39 47
39 48
39 49
39 50
39 53
39 55
39 61
39 65
39 66
39 71
40 43
40 44
40 48
40 49
40 50
40 53
40 55
40 65
40 71
41 44
41 45
41 46
41 48
41 52
41 59
41 60
41 66
41 68
41 70
42 45
42 46
42 52
42 57
42 59
42 66
42 68
42 69
42 70
42 71
43 45
43 46
43 57
43 64
43 68
43 69
43 71
43 72
44 49
44 50
44 52
44 53
44 54
44 58
44 64
44 65
44 70
44 71
44 72
45 48
45 51
45 52
45 53
45 55
45 58
45 62
45 63
45 64
45 70
45 71
46 48
46 49
46 50
46 51
46 52
46 53
46 54
46 55
46 58
46 62
46 63
46 64
46 66
46 70
46 72
47 58
47 61
47 63
47 70
48 52
48 53
48 56
48 57
48 64
48 66
48 68
48 69
48 71
48 72
49 53
49 56
49 57
49 68
49 69
50 53
50 56
50 57
50 68
50 69
51 57
51 61
51 68
51 69
51 70
51 71
51 72
52 54
52 57
52 58
52 59
52 68
52 69
52 71
52 72
53 56
53 59
54 57
54 59
54 66
54 68
54 69
54 71
55 57
55 64
55 68
55 69
55 71
55 72
56 61
56 65
56 71
57 65
57 70
57 71
58 59
58 60
59 62
59 63
59 65
59 66
59 70
59 71
60 63
60 64
60 70
60 71
60 72
61 62
61 63
62 71
63 71
65 68
65 69
65 70
66 71
66 72
68 71
69 71
