 1 2  
 1 3  
 1 4  
 1 5  
 1 6  
 1 7  
 1 8  
 1 9  
 1 10 
 1 11 
 1 12 
 1 13 
 1 14 
 1 15 
 1 16 
 1 17 
 1 18 
 1 19 
 1 20 
 1 21 
 1 22 
 1 23 
 1 24 
 1 25 
 1 26 
 1 27 
 1 28 
 1 29 
 1 30 
 1 31 
 1 32 
 1 33 
 1 34 
 1 35 
 1 36 
 1 37 
 1 38 
 1 39 
 1 40 
 1 41 
 1 42 
 1 43 
 1 44 
 1 45 
 1 46 
 1 47 
 1 48 
 1 49 
 1 50 
 1 51 
 1 52 
 1 53 
 1 54 
 1 55 
 1 56 
 1 57 
 1 58 
 1 59 
 1 60 
 1 61 
 1 62 
 1 64 
 1 65 
 1 66 
 1 67 
 1 68 
 1 69 
 1 70 
 1 71 
 1 72 
 1 73 
 1 75 
 1 76 
 1 80 
 1 82 
 1 91 
 1 106 
 1 109 
 1 110 
 1 111 
 1 112 
 1 113 
 1 114 
 1 115 
 1 116 
 1 117 
 1 118 
 1 119 
 1 120 
 1 121 
 1 122 
 1 123 
 1 124 
 1 125 
 1 126 
 1 129 
 1 133 
 1 135 
 1 153 
 1 154 
 1 155 
 1 157 
 1 158 
 1 159 
 1 162 
 1 164 
 1 165 
 1 166 
 1 168 
 1 169 
 1 170 
 1 171 
 1 202 
 1 203 
 1 204 
 1 205 
 1 206 
 1 220 
 1 227 
 1 230 
 1 233 
 1 239 
 1 240 
 1 241 
 1 243 
 1 244 
 1 256 
 1 261 
 1 263 
 1 264 
 1 267 
 1 269 
 1 304 
 1 305 
 1 307 
 1 308 
 1 309 
 1 318 
 1 320 
 2 3  
 2 4  
 2 5  
 2 6  
 2 7  
 2 8  
 2 9  
 2 13  
 2 14  
 2 17  
 2 18  
 2 20  
 2 34  
 2 47  
 2 48  
 2 49  
 2 50  
 2 52  
 2 53  
 2 54  
 2 55  
 2 56  
 2 57  
 2 58  
 2 59  
 2 61  
 2 64  
 2 65  
 2 66  
 2 67  
 2 68  
 2 69  
 2 70  
 2 77  
 2 83  
 2 88  
 2 110 
 2 111 
 2 112 
 2 113 
 2 115 
 2 116 
 2 117 
 2 118 
 2 144 
 2 145 
 2 146 
 2 149 
 2 150 
 2 151 
 2 153 
 2 156 
 2 174 
 2 185 
 2 202 
 2 206 
 2 227 
 2 236 
 2 237 
 2 246 
 2 252 
 2 253 
 2 294 
 2 301 
 2 302  
 2 306  
 2 324  
 3 4  
 3 5  
 3 6  
 3 7  
 3 8  
 3 9  
 3 13 
 3 14 
 3 16 
 3 17 
 3 18 
 3 20 
 3 21 
 3 23 
 3 34 
 3 47 
 3 48 
 3 49 
 3 52 
 3 53 
 3 54 
 3 55 
 3 56 
 3 57 
 3 58 
 3 59 
 3 61 
 3 62 
 3 64 
 3 66 
 3 67 
 3 68 
 3 69 
 3 70 
 3 71 
 3 73 
 3 76 
 3 77 
 3 80 
 3 109
 3 110
 3 111
 3 112
 3 113
 3 115
 3 116
 3 117
 3 118
 3 120
 3 122
 3 145
 3 155
 3 167
 3 202
 3 230
 3 241
 3 291
 3 310
 4 5  
 4 6  
 4 7  
 4 8  
 4 9  
 4 10 
 4 11 
 4 12 
 4 13 
 4 15 
 4 16 
 4 17 
 4 19 
 4 21 
 4 22 
 4 23 
 4 24 
 4 28 
 4 29 
 4 31 
 4 34 
 4 35 
 4 39 
 4 43 
 4 47 
 4 48 
 4 49 
 4 50 
 4 51 
 4 52 
 4 53 
 4 54 
 4 55 
 4 56 
 4 57 
 4 58 
 4 59 
 4 60 
 4 61 
 4 62 
 4 63 
 4 64 
 4 65 
 4 66 
 4 68 
 4 69 
 4 71 
 4 72 
 4 73 
 4 74 
 4 76 
 4 80 
 4 90 
 4 92 
 4 95 
 4 110
 4 111
 4 112
 4 113
 4 114
 4 115
 4 116
 4 117
 4 118
 4 119
 4 121
 4 122
 4 124
 4 133
 4 154
 4 155
 4 157
 4 158
 4 162
 4 180
 4 181
 4 202
 4 204
 4 230
 4 241
 4 242
 4 264
 4 304
 4 305
 4 307
 4 313
 4 316
 4 317
 4 320
 4 325
 4 330
 5 6  
 5 7  
 5 9  
 5 10 
 5 11 
 5 15 
 5 16 
 5 18 
 5 19 
 5 22 
 5 24 
 5 26 
 5 27 
 5 28 
 5 29 
 5 30 
 5 31 
 5 32 
 5 35 
 5 37 
 5 38 
 5 40 
 5 47 
 5 48 
 5 49 
 5 50 
 5 51 
 5 52 
 5 53 
 5 55 
 5 56 
 5 57 
 5 58 
 5 59 
 5 60 
 5 61 
 5 63 
 5 64 
 5 65 
 5 66 
 5 69 
 5 72 
 5 73 
 5 75 
 5 76 
 5 80 
 5 110
 5 111
 5 112
 5 113
 5 114
 5 115
 5 116
 5 117
 5 118
 5 119
 5 120
 5 121
 5 122
 5 123
 5 124
 5 126
 5 133
 5 135
 5 138
 5 140
 5 154
 5 164
 5 165
 5 166
 5 168
 5 170
 5 183
 5 187
 5 202
 5 204
 5 205
 5 220
 5 232
 5 239
 5 240
 5 261
 5 264
 5 266
 5 268
 5 270
 5 271
 5 277
 5 278
 5 292
 6 8  
 6 10 
 6 11 
 6 12 
 6 15 
 6 19 
 6 22 
 6 24 
 6 26 
 6 27 
 6 29 
 6 30 
 6 32 
 6 33 
 6 47 
 6 48 
 6 49 
 6 50 
 6 52 
 6 53 
 6 55 
 6 56 
 6 57 
 6 58 
 6 59 
 6 60 
 6 61 
 6 64 
 6 65 
 6 66 
 6 69 
 6 72 
 6 75 
 6 110
 6 111
 6 112
 6 113
 6 114
 6 115
 6 116
 6 117
 6 118
 6 119
 6 120
 6 121
 6 122
 6 123
 6 127
 6 129
 6 165
 6 166
 6 187
 6 189
 6 220
 6 240
 6 244
 6 270
 7 8  
 7 9  
 7 13 
 7 14 
 7 17 
 7 18 
 7 20 
 7 47 
 7 48 
 7 49 
 7 50 
 7 52 
 7 53 
 7 54 
 7 55 
 7 56 
 7 58 
 7 59 
 7 61 
 7 63 
 7 64 
 7 67 
 7 68 
 7 69 
 7 97 
 7 110
 7 111
 7 112
 7 113
 7 116
 7 117
 7 144
 7 145
 7 153
 7 156
 7 184
 7 185
 7 186
 7 198
 7 199
 7 206
 7 207
 7 208
 7 226
 7 227
 7 247
 7 248
 7 279
 7 300
 7 314
 7 315
 7 321
 8 9  
 8 13 
 8 14 
 8 16 
 8 17 
 8 18 
 8 20 
 8 21 
 8 23 
 8 34 
 8 41 
 8 47 
 8 48 
 8 49 
 8 53 
 8 55 
 8 56 
 8 57 
 8 58 
 8 59 
 8 64 
 8 65 
 8 67 
 8 68 
 8 71 
 8 73 
 8 83 
 8 91 
 8 97 
 8 109
 8 110
 8 111
 8 112
 8 116
 8 145
 8 153
 8 158
 8 161
 8 186
 8 192
 8 198
 8 202
 8 206
 8 224
 8 225
 8 227
 8 228
 8 230
 8 257
 8 258
 8 259
 8 273
 8 298
 9 13 
 9 14 
 9 17 
 9 18 
 9 20 
 9 34 
 9 47 
 9 48 
 9 49 
 9 50 
 9 53 
 9 54 
 9 55 
 9 56 
 9 58 
 9 59 
 9 64 
 9 67 
 9 68 
 9 69 
 9 70 
 9 83 
 9 110
 9 111
 9 113
 9 116
 9 118
 9 145
 9 202
 10 11  
 10 12  
 10 15  
 10 19  
 10 29  
 10 47  
 10 48  
 10 49  
 10 50  
 10 51  
 10 52  
 10 53  
 10 55  
 10 56  
 10 57  
 10 58  
 10 59  
 10 60  
 10 61  
 10 63  
 10 65  
 10 66  
 10 69  
 10 84  
 10 110 
 10 111 
 10 112 
 10 113 
 10 114 
 10 115 
 10 116 
 10 117 
 10 118 
 10 119 
 10 121 
 10 122 
 10 131 
 10 134 
 11 12  
 11 15  
 11 19  
 11 22  
 11 24  
 11 26  
 11 27  
 11 29  
 11 30  
 11 33  
 11 40  
 11 47  
 11 49  
 11 50  
 11 51  
 11 52  
 11 53  
 11 57  
 11 60  
 11 72  
 11 75  
 11 110 
 11 112 
 11 113 
 11 114 
 11 115 
 11 116 
 11 117 
 11 118 
 11 119 
 11 123 
 11 125 
 11 126 
 11 127 
 11 128 
 11 129 
 11 130 
 11 134 
 11 165 
 11 187 
 11 189 
 11 197 
 11 220 
 11 239 
 11 323 
 12 47  
 12 49  
 12 50  
 12 52  
 12 57  
 12 59  
 12 110 
 12 112 
 12 113 
 12 115 
 12 118 
 12 119 
 12 128 
 12 152 
 12 197 
 12 297 
 13 14  
 13 17  
 13 18  
 13 20  
 13 34  
 13 47  
 13 48  
 13 50  
 13 53  
 13 55  
 13 56  
 13 58  
 13 68  
 13 77  
 13 106 
 13 111 
 13 112 
 13 120 
 13 145 
 14 17  
 14 18  
 14 20  
 14 47  
 14 48  
 14 53  
 14 55  
 14 56  
 14 58  
 14 67  
 14 68  
 14 97  
 14 110 
 14 111 
 14 116 
 14 145 
 14 153 
 14 156 
 14 184 
 14 185 
 14 198 
 14 199 
 14 200 
 14 206 
 14 226 
 14 227 
 14 252 
 14 253 
 14 254 
 14 255 
 14 279 
 14 314 
 14 321 
 14 322 
 15 19  
 15 47  
 15 49  
 15 50  
 15 51  
 15 52  
 15 53  
 15 57  
 15 58  
 15 60  
 15 72  
 15 110 
 15 112 
 15 113 
 15 114 
 15 115 
 15 116 
 15 117 
 15 118 
 15 119 
 15 165 
 16 47  
 16 56  
 16 58  
 16 61  
 16 62  
 16 65  
 16 70  
 16 81  
 16 110 
 16 111 
 16 113 
 16 118 
 16 120 
 16 201 
 17 18  
 17 47  
 17 48  
 17 53  
 17 55  
 17 56  
 17 58  
 17 67  
 17 68  
 17 83  
 17 110 
 17 111 
 17 145 
 18 20  
 18 47  
 18 48  
 18 55  
 18 56  
 18 58  
 18 67  
 18 68  
 18 83  
 18 111 
 18 145 
 18 246 
 18 301 
 19 29  
 19 47  
 19 50  
 19 51  
 19 52  
 19 53  
 19 55  
 19 57  
 19 58  
 19 60  
 19 61  
 19 63  
 19 66  
 19 110 
 19 112 
 19 113 
 19 114 
 19 115 
 19 116 
 19 117 
 19 118 
 19 134 
 20 47  
 20 48  
 20 56  
 20 67  
 20 68  
 20 83  
 20 111 
 21 47  
 21 58  
 21 61  
 21 62  
 21 64  
 21 71  
 21 74  
 21 80  
 21 97  
 21 110 
 21 111 
 21 201 
 22 30  
 22 47  
 22 49  
 22 51  
 22 52  
 22 53  
 22 59  
 22 110 
 22 112 
 22 113 
 22 115 
 22 116 
 22 117 
 22 118 
 23 34  
 23 47  
 23 48  
 23 55  
 23 56  
 23 58  
 23 111 
 23 202 
 23 203 
 24 26  
 24 49  
 24 51  
 24 52  
 24 53  
 24 57  
 24 110 
 24 112 
 24 113 
 24 114 
 24 115 
 24 116 
 24 119 
 24 123 
 24 165 
 25 27  
 25 32  
 25 52  
 25 112 
 25 166 
 26 49  
 26 51  
 26 52  
 26 53  
 26 59  
 26 110 
 26 112 
 26 113 
 26 114 
 26 115 
 26 116 
 26 119 
 26 123 
 27 52  
 27 53  
 27 57  
 27 59  
 27 110 
 27 113 
 27 114 
 27 115 
 27 117 
 27 232 
 28 47  
 28 51  
 28 53  
 28 55  
 28 61  
 28 66  
 28 110 
 28 113 
 28 114 
 28 116 
 28 117 
 28 118 
 28 121 
 28 124 
 28 133 
 29 47  
 29 50  
 29 51  
 29 52  
 29 53  
 29 57  
 29 58  
 29 110 
 29 113 
 29 115 
 29 116 
 29 117 
 30 36  
 30 47  
 30 49  
 30 51  
 30 52  
 30 53  
 30 59  
 30 110 
 30 112 
 30 113 
 30 115 
 30 116 
 30 118 
 30 272 
 31 47  
 31 61  
 31 110 
 31 113 
 31 116 
 31 118 
 31 133 
 32 51  
 32 52  
 32 59  
 32 112 
 32 116 
 32 220 
 33 47  
 33 52  
 33 57  
 33 59  
 33 63  
 33 72  
 33 110 
 33 112 
 33 113 
 33 115 
 33 125 
 33 128 
 33 197 
 33 262 
 34 47  
 34 48  
 34 56  
 34 67  
 34 68  
 34 111 
 35 53  
 35 116 
 35 118 
 35 121 
 35 135 
 36 59  
 36 75  
 36 113 
 36 115 
 36 133 
 37 110 
 37 135 
 38 113 
 38 133 
 39 111 
 39 155 
 39 264 
 39 320 
 40 110 
 40 220 
 41 55  
 41 97  
 41 158 
 41 298 
 42 55  
 42 269 
 43 63  
 43 319 
 44 53  
 44 256 
 46 69  
 46 169 
 46 233 
 47 48  
 47 49  
 47 50  
 47 51  
 47 52  
 47 53  
 47 54  
 47 55  
 47 56  
 47 57  
 47 58  
 47 59  
 47 60  
 47 61  
 47 62  
 47 63  
 47 64  
 47 65  
 47 66  
 47 67  
 47 68  
 47 69  
 47 70  
 47 71  
 47 72  
 47 73  
 47 74  
 47 75  
 47 76  
 47 77  
 47 78  
 47 79  
 47 80  
 47 81  
 47 82  
 47 83  
 47 84  
 47 85  
 47 86  
 47 87  
 47 88  
 47 89  
 47 90  
 47 91  
 47 92  
 47 93  
 47 94  
 47 95  
 47 96  
 47 97  
 47 98  
 47 99  
 47 100 
 47 101 
 47 102 
 47 103 
 47 104 
 47 105 
 47 106 
 47 107 
 47 108 
 47 109 
 47 110 
 47 111 
 47 112 
 47 113 
 47 114 
 47 115 
 47 116 
 47 117 
 47 118 
 47 119 
 47 120 
 47 121 
 47 122 
 47 124 
 47 132 
 47 145 
 47 202 
 47 203 
 47 228 
 47 230 
 47 235 
 47 246 
 47 263 
 47 276 
 47 295 
 47 303 
 47 312 
 48 49  
 48 50  
 48 52  
 48 53  
 48 54  
 48 55  
 48 56  
 48 57  
 48 58  
 48 59  
 48 61  
 48 64  
 48 65  
 48 66  
 48 67  
 48 69  
 48 70  
 48 83  
 48 88  
 48 106 
 48 109 
 48 110 
 48 111 
 48 112 
 48 113 
 48 115 
 48 116 
 48 117 
 48 118 
 48 121 
 48 122 
 48 144 
 48 145 
 48 146 
 48 147 
 48 148 
 48 174 
 48 202 
 48 206 
 48 227 
 48 263 
 49 50  
 49 51  
 49 52  
 49 53  
 49 55  
 49 56  
 49 57  
 49 59  
 49 60  
 49 62  
 49 65  
 49 66  
 49 110 
 49 111 
 49 112 
 49 113 
 49 114 
 49 115 
 49 116 
 49 117 
 49 119 
 49 122 
 49 123 
 49 128 
 49 152 
 49 197 
 49 329 
 50 51  
 50 52  
 50 53  
 50 55  
 50 57  
 50 58  
 50 59  
 50 60  
 50 61  
 50 62  
 50 65  
 50 66  
 50 69  
 50 72  
 50 110 
 50 111 
 50 112 
 50 113 
 50 114 
 50 115 
 50 116 
 50 117 
 50 118 
 50 119 
 50 128 
 50 131 
 50 152 
 50 165 
 50 197 
 50 329 
 51 52  
 51 53  
 51 55  
 51 57  
 51 58  
 51 59  
 51 60  
 51 61  
 51 63  
 51 64  
 51 65  
 51 66  
 51 69  
 51 72  
 51 75  
 51 109 
 51 110 
 51 111 
 51 112 
 51 113 
 51 114 
 51 115 
 51 116 
 51 117 
 51 118 
 51 119 
 51 121 
 51 122 
 51 123 
 51 125 
 51 127 
 51 220 
 51 240 
 52 53  
 52 55  
 52 56  
 52 57  
 52 58  
 52 59  
 52 60  
 52 61  
 52 63  
 52 64  
 52 65  
 52 66  
 52 69  
 52 72  
 52 75  
 52 106 
 52 110 
 52 111 
 52 112 
 52 113 
 52 114 
 52 115 
 52 116 
 52 117 
 52 118 
 52 119 
 52 121 
 52 122 
 52 123 
 52 125 
 52 128 
 52 129 
 52 130 
 52 134 
 52 152 
 52 164 
 52 165 
 52 166 
 52 197 
 52 240 
 52 329 
 53 55  
 53 56  
 53 57  
 53 58  
 53 59  
 53 60  
 53 61  
 53 62  
 53 63  
 53 64  
 53 65  
 53 66  
 53 69  
 53 110 
 53 111 
 53 112 
 53 113 
 53 114 
 53 115 
 53 116 
 53 117 
 53 118 
 53 119 
 53 121 
 53 122 
 53 123 
 53 126 
 53 135 
 53 154 
 53 164 
 53 168 
 53 169 
 53 170 
 53 171 
 53 206 
 53 220 
 53 232 
 53 239 
 53 261 
 54 55  
 54 56  
 54 68  
 54 110 
 54 111 
 54 144 
 54 147 
 54 172 
 54 173 
 54 174 
 54 175 
 54 176 
 54 177 
 54 178 
 54 179 
 54 206 
 55 56  
 55 57  
 55 58  
 55 59  
 55 60  
 55 61  
 55 62  
 55 63  
 55 64  
 55 65  
 55 66  
 55 67  
 55 68  
 55 69  
 55 73  
 55 76  
 55 106 
 55 110 
 55 111 
 55 112 
 55 113 
 55 114 
 55 115 
 55 116 
 55 117 
 55 118 
 55 119 
 55 121 
 55 122 
 55 123 
 55 153 
 55 154 
 55 158 
 55 159 
 55 161 
 55 163 
 55 164 
 55 168 
 55 169 
 55 182 
 55 202 
 55 206 
 55 224 
 55 241 
 55 257 
 55 258 
 55 261 
 55 269 
 55 273 
 55 275 
 55 293 
 56 57  
 56 58  
 56 61  
 56 63  
 56 64  
 56 66  
 56 67  
 56 68  
 56 69  
 56 70  
 56 73  
 56 80  
 56 110 
 56 111 
 56 112 
 56 113 
 56 115 
 56 116 
 56 117 
 56 118 
 56 122 
 56 145 
 56 202 
 56 230 
 57 58  
 57 59  
 57 60  
 57 61  
 57 63  
 57 64  
 57 65  
 57 66  
 57 69  
 57 72  
 57 75  
 57 84  
 57 110 
 57 111 
 57 112 
 57 113 
 57 114 
 57 115 
 57 116 
 57 117 
 57 118 
 57 119 
 57 121 
 57 122 
 57 123 
 57 124 
 57 128 
 57 130 
 57 131 
 57 165 
 57 197 
 58 59  
 58 60  
 58 62  
 58 64  
 58 65  
 58 66  
 58 68  
 58 70  
 58 71  
 58 72  
 58 73  
 58 81  
 58 84  
 58 86  
 58 89  
 58 93  
 58 97  
 58 104 
 58 106 
 58 110 
 58 111 
 58 112 
 58 113 
 58 114 
 58 115 
 58 117 
 58 118 
 58 120 
 58 122 
 58 132 
 58 201 
 58 202 
 58 235 
 59 60  
 59 65  
 59 75  
 59 82  
 59 110 
 59 111 
 59 112 
 59 113 
 59 114 
 59 115 
 59 117 
 59 119 
 59 123 
 59 125 
 59 126 
 59 166 
 59 194 
 59 240 
 59 244 
 59 272 
 60 61  
 60 63  
 60 65  
 60 66  
 60 69  
 60 110 
 60 112 
 60 113 
 60 114 
 60 115 
 60 116 
 60 117 
 60 118 
 60 119 
 60 165 
 60 195 
 61 62  
 61 64  
 61 65  
 61 66  
 61 69  
 61 71  
 61 73  
 61 74  
 61 80  
 61 82  
 61 110 
 61 111 
 61 112 
 61 113 
 61 114 
 61 116 
 61 118 
 61 120 
 61 124 
 61 132 
 61 196 
 62 63  
 62 65  
 62 70  
 62 71  
 62 79  
 62 81  
 62 110 
 62 111 
 62 116 
 62 118 
 62 120 
 62 124 
 62 201 
 62 202 
 62 235 
 63 64  
 63 66  
 63 110 
 63 111 
 63 114 
 63 117 
 63 118 
 63 122 
 63 195 
 63 242 
 64 66  
 64 69  
 64 71  
 64 73  
 64 80  
 64 97  
 64 110 
 64 111 
 64 113 
 64 114 
 64 115 
 64 116 
 64 117 
 64 118 
 65 66  
 65 110 
 65 111 
 65 113 
 65 114 
 65 115 
 65 116 
 65 117 
 65 118 
 65 124 
 65 201 
 66 110 
 66 111 
 66 112 
 66 113 
 66 114 
 66 115 
 66 116 
 66 117 
 66 118 
 66 121 
 66 122 
 66 164 
 66 195 
 66 204 
 66 242 
 66 244 
 67 68  
 67 77  
 67 83  
 67 111 
 67 145 
 68 83  
 68 110 
 68 111 
 68 145 
 69 110 
 69 111 
 69 112 
 69 113 
 69 114 
 69 116 
 69 117 
 69 118 
 69 122 
 69 154 
 69 164 
 69 233 
 70 78  
 70 79  
 70 110 
 70 111 
 70 120 
 70 201 
 70 202 
 71 97  
 71 110 
 71 111 
 71 201 
 72 84  
 72 110 
 72 113 
 72 115 
 72 116 
 72 118 
 72 125 
 72 130 
 72 134 
 73 76  
 73 110 
 73 111 
 73 157 
 74 90  
 74 110 
 74 113 
 74 116 
 74 118 
 74 201 
 75 110 
 75 113 
 75 114 
 75 115 
 75 116 
 75 118 
 75 129 
 75 188 
 76 97  
 76 111 
 77 88  
 77 111 
 78 120 
 78 201 
 78 202 
 78 203 
 79 120 
 79 201 
 79 202 
 80 90  
 80 97  
 80 111 
 81 120 
 82 110 
 82 113 
 82 118 
 82 124 
 83 111 
 83 145 
 83 236 
 83 237 
 83 238 
 84 86  
 84 94  
 84 110 
 84 113 
 84 118 
 85 86  
 85 87  
 85 94  
 85 110 
 85 116 
 85 118 
 85 124 
 85 132 
 86 87  
 86 94  
 86 110 
 86 113 
 86 118 
 86 132 
 87 94  
 87 110 
 87 124 
 87 132 
 88 111 
 88 145 
 88 246 
 90 111 
 90 317 
 91 111 
 91 228 
 92 95  
 94 110 
 94 141 
 96 108 
 97 111 
 97 153 
 97 202 
 97 203 
 97 279 
 97 296 
 104 110
 104 111
 106 111
 106 117
 109 111
 110 111
 110 112
 110 113
 110 114
 110 115
 110 116
 110 117
 110 118
 110 119
 110 120
 110 121
 110 122
 110 123
 110 124
 110 125
 110 126
 110 127
 110 128
 110 129
 110 130
 110 131
 110 132
 110 133
 110 134
 110 135
 110 136
 110 137
 110 138
 110 139
 110 140
 110 141
 110 142
 110 143
 110 202
 110 220
 110 239
 110 262
 111 112
 111 113
 111 115
 111 116
 111 117
 111 118
 111 120
 111 122
 111 145
 111 153
 111 154
 111 155
 111 156
 111 157
 111 158
 111 159
 111 160
 111 161
 111 162
 111 163
 111 202
 111 227
 111 230
 111 241
 111 257
 111 258
 111 263
 111 273
 112 113
 112 114
 112 115
 112 116
 112 117
 112 118
 112 119
 112 121
 112 122
 112 123
 112 232
 113 114
 113 115
 113 116
 113 117
 113 118
 113 119
 113 120
 113 121
 113 122
 113 123
 113 124
 113 125
 113 126
 113 127
 113 129
 113 130
 113 131
 113 134
 113 136
 113 137
 113 138
 113 139
 113 140
 113 141
 113 165
 113 187
 113 188
 113 189
 113 190
 113 191
 113 220
 113 239
 113 244
 113 262
 113 272
 114 116
 114 117
 114 118
 114 119
 114 121
 114 122
 114 123
 114 125
 114 220
 115 116
 115 117
 115 118
 115 119
 115 121
 115 122
 115 123
 115 138
 115 165
 115 193
 115 220
 115 266
 116 117
 116 118
 116 119
 116 122
 116 123
 116 124
 116 133
 116 135
 116 164
 116 202
 116 220
 117 118
 117 119
 117 123
 117 232
 118 119
 118 122
 118 124
 118 132
 118 133
 119 123
 120 201
 121 122
 121 135
 121 164
 121 170
 121 204
 121 205
 121 244
 121 261
 121 264
 123 220
 124 141
 125 129
 126 194
 126 239
 128 197
 129 262
 130 134
 132 141
 135 170
 135 244
 144 172
 144 174
 144 175
 144 176
 144 177
 144 179
 151 294
 152 329
 153 161
 153 198
 153 199
 153 224
 153 225
 153 226
 153 227
 153 257
 153 258
 153 259
 153 260
 154 169
 154 233
 155 158
 155 180
 155 241
 155 320
 156 185
 156 252
 156 253
 156 254
 156 255
 157 158
 157 162
 158 159
 158 162
 158 273
 161 224
 161 225
 161 257
 161 258
 161 259
 161 260
 162 241
 163 273
 165 232
 166 240
 168 243
 169 233
 169 256
 169 261
 169 267
 170 205
 170 261
 172 174
 173 221
 173 222
 173 223
 174 175
 176 177
 177 179
 184 198
 184 226
 184 315
 184 321
 185 254
 186 227
 192 227
 192 229
 198 199
 198 226
 198 227
 198 321
 198 322
 199 226
 199 227
 199 321
 200 253
 200 254
 200 255
 201 202
 201 203
 202 203
 206 207
 206 208
 206 209
 206 210
 206 211
 206 212
 206 213
 206 214
 206 215
 206 216
 206 217
 206 218
 206 219
 206 251
 206 280
 206 299
 206 311
 206 326
 206 327
 206 331
 207 208
 207 247
 207 248
 207 249
 207 250
 207 328
 208 212
 208 251
 209 216
 209 280
 209 281
 209 282
 209 283
 209 284
 209 285
 209 286
 209 287
 209 288
 209 289
 209 290
 209 332
 210 311
 211 213
 212 251
 214 217
 214 326
 215 250
 216 280
 217 218
 219 331
 221 222
 221 223
 221 234
 224 225
 224 257
 224 258
 224 259
 225 257
 225 258
 225 259
 225 260
 226 227
 226 321
 227 228
 227 229
 228 229
 230 231
 233 267
 241 307
 244 245
 247 248
 247 274
 248 249
 249 274
 252 254
 253 254
 256 267
 257 258
 257 259
 257 260
 258 260
 259 260
 264 265
 265 304
 265 318
 277 278
 283 285
 283 286
 284 287
 284 288
 285 286
 287 288
 287 332
 288 332
 301 302
 304 305
 307 308
 314 315
 315 321
 321 322
 325 330
 326 327