     1     3
     1     4
     1     9
     2     3
     2     5
     2     7
     3     3
     3    12
     4     2
     4     3
     4    15
     5     3
     5    13
     5    14
     6     2
     6     3
     6    14
     7     3
     7     4
     7    10
     7    11
     8     4
     8     7
     8    10
     9     1
     9     4
     9     8
     9    10
    10     3
    10     9
    11     2
    11     3
    11     9
    12     4
    12     7
    13     3
    13     4
    13     5
    13     9
    14     2
    14     3
    14     4
    14    11
    14    12
    14    13
    14    15
    15     2
    15     3
    15     6
    15    13
    15    15
    16     2
    16     3
    16     6
    16     8
    16    14
    17     2
    17     3
    17     5
    17    11
    17    12
    17    15
    18     4
    18     9
    18    12
    18    13
    18    15
    19     1
    19     3
    19     4
    19     7
    19     9
    20     2
    20     3
    20     4
    20    11
    20    15
    21     3
    21     4
    21     8
    22     3
    22     8
    22    15
    23     2
    23     3
    23     6
    23    15
    24     1
    24     3
    24     4
    24     6
    24    15
    25     2
    25     3
    25    13
    26     2
    26     3
    26    12
